936091
936092
936093
936094
936095
936096
936097
936098
936099
936100
936101
936102
936103
936104
936105
936106
936107
936108
936109
936110
936112
936113
936114
936115
936116
936117
936118
936119
936120
936121
936122
936123
936124
936125
936126
936127
936128
936129
936130
936131
936132
936133
936134
936135
936136
936137
936138
936139
936140
936141
936142
936143
936144
936145
936146
936147
936148
936149
936150
936151
936152
936153
936154
936155
936156
936157
936158
936159
936160
936161
936162
936163
936164
936165
936166
936167
936168
936169
936170
936171
936172
936173
936174
936175
936176
936177
936178
936179
936180
936181
936182
936183
936184
936185
936186
936187
936188
936189
936190
936191
936192
936193
936194
936195
936196
936197
936198
936199
936200
936201
936202
936203
936204
936205
936206
936207
936208
936209
936210
936211
936212
936213
936214
936215
936216
936217
936218
936219
936220
936221
936223
936224
936225
936226
936227
936228
936229
936230
936231
936232
936233
936234
936235
936236
936237
936238
936239
936240
936241
936242
936243
936244
936245
936246
936247
936248
936249
936250
936251
936252
936253
936254
936255
936256
936257
936258
936259
936260
936261
936262
936263
936264
936265
936266
936267
936268
936269
936270
936271
936272
936273
936274
936275
936276
936277
936278
936279
936280
936281
936282
936283
936284
936285
936286
936287
936288
936289
936290
936291
936292
936293
936294
936295
936296
936297
936298
936299
936300
936301
936302
936303
936304
936305
936306
936307
936308
936309
936310
936311
936312
936313
936314
936315
936316
936317
936318
936319
936320
936321
936322
936323
936324
936325
936326
936327
936328
936329
936330
936331
936332
936334
936335
936336
936337
936338
936339
936340
936341
936342
936343
936344
936345
936346
936347
936348
936349
936350
936351
936352
936353
936354
936355
936356
936357
936358
936359
936360
936361
936362
936363
936364
936365
936366
936367
936368
936369
936370
936371
936372
936373
936374
936375
936376
936377
936378
936379
936380
936381
936382
936383
936384
936385
936386
936387
936388
936389
936390
936391
936392
936393
936394
936395
936396
936397
936398
936399
936400
936401
936402
936403
936404
936405
936406
936407
936408
936409
936410
936411
936412
936413
936414
936415
936416
936417
936418
936419
936420
936421
936422
936423
936424
936425
936426
936427
936428
936429
936430
936431
936432
936433
936434
936435
936436
936437
936438
936439
936440
936441
936442
936443
936445
936446
936447
936448
936449
936450
936451
936452
936453
936454
936455
936456
936457
936458
936459
936460
936461
936462
936463
936464
936465
936466
936467
936468
936469
936470
936471
936472
936473
936474
936475
936476
936477
936478
936479
936480
936481
936482
936483
936484
936485
936486
936487
936488
936489
936490
936491
936492
936493
936494
936495
936496
936497
936498
936499
936500
936501
936502
936503
936504
936505
936506
936507
936508
936509
936510
936511
936512
936513
936514
936515
936516
936517
936518
936519
936520
936521
936522
936523
936524
936525
936526
936527
936528
936529
936530
936531
936532
936533
936534
936535
936536
936537
936538
936539
936540
936541
936542
936543
936544
936545
936546
936547
936548
936549
936550
936551
936552
936553
936554
936556
936557
936558
936559
936560
936561
936562
936563
936564
936565
936566
936567
936568
936569
936570
936571
936572
936573
936574
936575
936576
936577
936578
936579
936580
936581
936582
936583
936584
936585
936586
936587
936588
936589
936590
936591
936592
936593
936594
936595
936596
936597
936598
936599
936600
936601
936602
936603
936604
936605
936606
936607
936608
936609
936610
936611
936612
936613
936614
936615
936616
936617
936618
936619
936620
936621
936622
936623
936624
936625
936626
936627
936628
936629
936630
936631
936632
936633
936634
936635
936636
936637
936638
936639
936640
936641
936642
936643
936644
936645
936646
936647
936648
936649
936650
936651
936652
936653
936654
936655
936656
936657
936658
936659
936670
936671
936672
936673
936674
936675
936676
936677
936678
936679
936680
936681
936682
936683
936684
936685
936686
936687
936688
936689
936690
936691
936692
936693
936694
936695
936696
936697
936698
936699
936700
936701
936702
936703
936704
936705
936706
936707
936708
936709
936710
936711
936712
936713
936714
936715
936716
936717
936718
936719
936720
936721
936722
936723
936724
936725
936726
936727
936728
936729
936730
936731
936732
936733
936734
936735
936736
936737
936738
936739
936740
936741
936742
936743
936744
936745
936746
936747
936748
936749
936750
936751
936752
936753
936754
936755
936756
936757
936758
936759
936760
936761
936762
936763
936764
936765
936766
936767
936768
936769
936770
936771
936772
936773
936774
936775
936776
936778
936779
936780
936781
936782
936783
936784
936785
936786
936787
936788
936789
936790
936791
936792
936793
936794
936795
936796
936797
936798
936799
936800
936801
936802
936803
936804
936805
936806
936807
936808
936809
936810
936811
936812
936813
936814
936815
936816
936817
936818
936819
936820
936821
936822
936823
936824
936825
936826
936827
936828
936829
936830
936831
936832
936833
936834
936835
936836
936837
936838
936839
936840
936841
936842
936843
936844
936845
936846
936847
936848
936849
936850
936851
936852
936853
936854
936855
936856
936857
936858
936859
936860
936861
936862
936863
936864
936865
936866
936867
936868
936869
936870
936871
936872
936873
936874
936875
936876
936877
936878
936879
936880
936881
936882
936883
936884
936885
936886
936887
936889
936890
936891
936892
936893
936894
936895
936896
936897
936898
936899
936900
936901
936902
936903
936904
936905
936906
936907
936908
936909
936910
936911
936912
936913
936914
936915
936916
936917
936918
936919
936920
936921
936922
936923
936924
936925
936926
936927
936928
936929
936930
936931
936932
936933
936934
936935
936936
936937
936938
936939
936940
936941
936942
936943
936944
936945
936946
936947
936948
936949
936950
936951
936952
936953
936954
936955
936956
936957
936958
936959
936960
936961
936962
936963
936964
936965
936966
936967
936968
936969
936970
936971
936972
936973
936974
936975
936976
936977
936978
936979
936980
936981
936982
936983
936984
936985
936986
936987
936988
936989
936990
936991
936992
936993
936994
936995
936996
936997
936998
937001
937002
937003
937004
937005
937006
937007
937008
937009
937010
937011
937012
937013
937014
937015
937016
937017
937018
937019
937020
937021
937022
937023
937024
937025
937026
937027
937028
937029
937030
937031
937032
937033
937034
937035
937036
937037
937038
937039
937040
937041
937042
937043
937044
937045
937046
937047
937048
937049
937050
937051
937052
937053
937054
937055
937056
937057
937058
937059
937060
937061
937062
937063
937064
937065
937066
937067
937068
937069
937070
937071
937072
937073
937074
937075
937076
937077
937078
937079
937080
937081
937082
937083
937084
937085
937086
937087
937088
937089
937090
937091
937092
937093
937094
937095
937096
937097
937098
937099
937100
937101
937102
937103
937104
937105
937106
937107
937108
937109
937110
937112
937113
937114
937115
937116
937117
937118
937119
937120
937121
937122
937123
937124
937125
937126
937127
937128
937129
937130
937131
937132
937133
937134
937135
937136
937137
937138
937139
937140
937141
937142
937143
937144
937145
937146
937147
937148
937149
937150
937151
937152
937153
937154
937155
937156
937157
937158
937159
937160
937161
937162
937163
937164
937165
937166
937167
937168
937169
937170
937171
937172
937173
937174
937175
937176
937177
937178
937179
937180
937181
937182
937183
937184
937185
937186
937187
937188
937189
937190
937191
937192
937193
937194
937195
937196
937197
937198
937199
937200
937201
937202
937203
937204
937205
937206
937207
937208
937209
937210
937211
937212
937213
937214
937215
937216
937217
937218
937219
937220
937221
937223
937224
937225
937226
937227
937228
937229
937230
937231
937232
937233
937234
937235
937236
937237
937238
937239
937240
937241
937242
937243
937244
937245
937246
937247
937248
937249
937250
937251
937252
937253
937254
