937255
937256
937257
937258
937259
937260
937261
937262
937263
937264
937265
937266
937267
937268
937269
937270
937271
937272
937273
937274
937275
937276
937277
937278
937279
937280
937281
937282
937283
937284
937285
937286
937287
937288
937289
937290
937291
937292
937293
937294
937295
937296
937297
937298
937299
937300
937301
937302
937303
937304
937305
937306
937307
937308
937309
937310
937311
937312
937313
937314
937315
937316
937317
937318
937319
937320
937321
937322
937323
937324
937325
937326
937327
937328
937329
937330
937331
937332
937334
937335
937336
937337
937338
937339
937340
937341
937342
937343
937344
937345
937346
937347
937348
937349
937350
937351
937352
937353
937354
937355
937356
937357
937358
937359
937360
937361
937362
937363
937364
937365
937366
937367
937368
937369
937370
937371
937372
937373
937374
937375
937376
937377
937378
937379
937380
937381
937382
937383
937384
937385
937386
937387
937388
937389
937390
937391
937392
937393
937394
937395
937396
937397
937398
937399
937400
937401
937402
937403
937404
937405
937406
937407
937408
937409
937410
937411
937412
937413
937414
937415
937416
937417
937418
937419
937420
937421
937422
937423
937424
937425
937426
937427
937428
937429
937430
937431
937432
937433
937434
937435
937436
937437
937438
937439
937440
937441
937442
937443
937445
937446
937447
937448
937449
937450
937451
937452
937453
937454
937455
937456
937457
937458
937459
937460
937461
937462
937463
937464
937465
937466
937467
937468
937469
937470
937471
937472
937473
937474
937475
937476
937477
937478
937479
937480
937481
937482
937483
937484
937485
937486
937487
937488
937489
937490
937491
937492
937493
937494
937495
937496
937497
937498
937499
937500
937501
937502
937503
937504
937505
937506
937507
937508
937509
937510
937511
937512
937513
937514
937515
937516
937517
937518
937519
937520
937521
937522
937523
937524
937525
937526
937527
937528
937529
937530
937531
937532
937533
937534
937535
937536
937537
937538
937539
937540
937541
937542
937543
937544
937545
937546
937547
937548
937549
937550
937551
937552
937553
937554
937556
937557
937558
937559
937560
937561
937562
937563
937564
937565
937566
937567
937568
937569
937570
937571
937572
937573
937574
937575
937576
937577
937578
937579
937580
937581
937582
937583
937584
937585
937586
937587
937588
937589
937590
937591
937592
937593
937594
937595
937596
937597
937598
937599
937600
937601
937602
937603
937604
937605
937606
937607
937608
937609
937610
937611
937612
937613
937614
937615
937616
937617
937618
937619
937620
937621
937622
937623
937624
937625
937626
937627
937628
937629
937630
937631
937632
937633
937634
937635
937636
937637
937638
937639
937640
937641
937642
937643
937644
937645
937646
937647
937648
937649
937650
937651
937652
937653
937654
937655
937656
937657
937658
937659
937660
937661
937662
937663
937664
937665
937667
937668
937669
937670
937671
937672
937673
937674
937675
937676
937677
937678
937679
937680
937681
937682
937683
937684
937685
937686
937687
937688
937689
937690
937691
937692
937693
937694
937695
937696
937697
937698
937699
937700
937701
937702
937703
937704
937705
937706
937707
937708
937709
937710
937711
937712
937713
937714
937715
937716
937717
937718
937719
937720
937721
937722
937723
937724
937725
937726
937727
937728
937729
937730
937731
937732
937733
937734
937735
937736
937737
937738
937739
937740
937741
937742
937743
937744
937745
937746
937747
937748
937749
937750
937751
937752
937753
937754
937755
937756
937757
937758
937759
937760
937761
937762
937763
937764
937765
937766
937767
937768
937769
937780
937781
937782
937783
937784
937785
937786
937787
937788
937789
937790
937791
937792
937793
937794
937795
937796
937797
937798
937799
937800
937801
937802
937803
937804
937805
937806
937807
937808
937809
937810
937811
937812
937813
937814
937815
937816
937817
937818
937819
937820
937821
937822
937823
937824
937825
937826
937827
937828
937829
937830
937831
937832
937833
937834
937835
937836
937837
937838
937839
937840
937841
937842
937843
937844
937845
937846
937847
937848
937849
937850
937851
937852
937853
937854
937855
937856
937857
937858
937859
937860
937861
937862
937863
937864
937865
937866
937867
937868
937869
937870
937871
937872
937873
937874
937875
937876
937877
937878
937879
937880
937881
937882
937883
937884
937885
937886
937887
937889
937890
937891
937892
937893
937894
937895
937896
937897
937898
937899
937900
937901
937902
937903
937904
937905
937906
937907
937908
937909
937910
937911
937912
937913
937914
937915
937916
937917
937918
937919
937920
937921
937922
937923
937924
937925
937926
937927
937928
937929
937930
937931
937932
937933
937934
937935
937936
937937
937938
937939
937940
937941
937942
937943
937944
937945
937946
937947
937948
937949
937950
937951
937952
937953
937954
937955
937956
937957
937958
937959
937960
937961
937962
937963
937964
937965
937966
937967
937968
937969
937970
937971
937972
937973
937974
937975
937976
937977
937978
937979
937980
937981
937982
937983
937984
937985
937986
937987
937988
937989
937990
937991
937992
937993
937994
937995
937996
937997
937998
938001
938002
938003
938004
938005
938006
938007
938008
938009
938010
938011
938012
938013
938014
938015
938016
938017
938018
938019
938020
938021
938022
938023
938024
938025
938026
938027
938028
938029
938030
938031
938032
938033
938034
938035
938036
938037
938038
938039
938040
938041
938042
938043
938044
938045
938046
938047
938048
938049
938050
938051
938052
938053
938054
938055
938056
938057
938058
938059
938060
938061
938062
938063
938064
938065
938066
938067
938068
938069
938070
938071
938072
938073
938074
938075
938076
938077
938078
938079
938080
938081
938082
938083
938084
938085
938086
938087
938088
938089
938090
938091
938092
938093
938094
938095
938096
938097
938098
938099
938100
938101
938102
938103
938104
938105
938106
938107
938108
938109
938110
938112
938113
938114
938115
938116
938117
938118
938119
938120
938121
938122
938123
938124
938125
938126
938127
938128
938129
938130
938131
938132
938133
938134
938135
938136
938137
938138
938139
938140
938141
938142
938143
938144
938145
938146
938147
938148
938149
938150
938151
938152
938153
938154
938155
938156
938157
938158
938159
938160
938161
938162
938163
938164
938165
938166
938167
938168
938169
938170
938171
938172
938173
938174
938175
938176
938177
938178
938179
938180
938181
938182
938183
938184
938185
938186
938187
938188
938189
938190
938191
938192
938193
938194
938195
938196
938197
938198
938199
938200
938201
938202
938203
938204
938205
938206
938207
938208
938209
938210
938211
938212
938213
938214
938215
938216
938217
938218
938219
938220
938221
938223
938224
938225
938226
938227
938228
938229
938230
938231
938232
938233
938234
938235
938236
938237
938238
938239
938240
938241
938242
938243
938244
938245
938246
938247
938248
938249
938250
938251
938252
938253
938254
938255
938256
938257
938258
938259
938260
938261
938262
938263
938264
938265
938266
938267
938268
938269
938270
938271
938272
938273
938274
938275
938276
938277
938278
938279
938280
938281
938282
938283
938284
938285
938286
938287
938288
938289
938290
938291
938292
938293
938294
938295
938296
938297
938298
938299
938300
938301
938302
938303
938304
938305
938306
938307
938308
938309
938310
938311
938312
938313
938314
938315
938316
938317
938318
938319
938320
938321
938322
938323
938324
938325
938326
938327
938328
938329
938330
938331
938332
938334
938335
938336
938337
938338
938339
938340
938341
938342
938343
938344
938345
938346
938347
938348
938349
938350
938351
938352
938353
938354
938355
938356
938357
938358
938359
938360
938361
938362
938363
938364
938365
938366
938367
938368
938369
938370
938371
938372
938373
938374
938375
938376
938377
938378
938379
938380
938381
938382
938383
938384
938385
938386
938387
938388
938389
938390
938391
938392
938393
938394
938395
938396
938397
938398
938399
938400
938401
938402
938403
938404
938405
938406
938407
938408
938409
938410
938411
938412
938413
938414
938415
938416
938417
