947836
947837
947838
947839
947840
947841
947842
947843
947844
947845
947846
947847
947848
947849
947850
947851
947852
947853
947854
947855
947856
947857
947858
947859
947860
947861
947862
947863
947864
947865
947866
947867
947868
947869
947870
947871
947872
947873
947874
947875
947876
947877
947878
947879
947880
947881
947882
947883
947884
947885
947886
947887
947889
947890
947891
947892
947893
947894
947895
947896
947897
947898
947899
947900
947901
947902
947903
947904
947905
947906
947907
947908
947909
947910
947911
947912
947913
947914
947915
947916
947917
947918
947919
947920
947921
947922
947923
947924
947925
947926
947927
947928
947929
947930
947931
947932
947933
947934
947935
947936
947937
947938
947939
947940
947941
947942
947943
947944
947945
947946
947947
947948
947949
947950
947951
947952
947953
947954
947955
947956
947957
947958
947959
947960
947961
947962
947963
947964
947965
947966
947967
947968
947969
947970
947971
947972
947973
947974
947975
947976
947977
947978
947979
947980
947981
947982
947983
947984
947985
947986
947987
947988
947989
947990
947991
947992
947993
947994
947995
947996
947997
947998
948001
948002
948003
948004
948005
948006
948007
948008
948009
948010
948011
948012
948013
948014
948015
948016
948017
948018
948019
948020
948021
948022
948023
948024
948025
948026
948027
948028
948029
948030
948031
948032
948033
948034
948035
948036
948037
948038
948039
948040
948041
948042
948043
948044
948045
948046
948047
948048
948049
948050
948051
948052
948053
948054
948055
948056
948057
948058
948059
948060
948061
948062
948063
948064
948065
948066
948067
948068
948069
948070
948071
948072
948073
948074
948075
948076
948077
948078
948079
948080
948081
948082
948083
948084
948085
948086
948087
948088
948089
948090
948091
948092
948093
948094
948095
948096
948097
948098
948099
948100
948101
948102
948103
948104
948105
948106
948107
948108
948109
948110
948112
948113
948114
948115
948116
948117
948118
948119
948120
948121
948122
948123
948124
948125
948126
948127
948128
948129
948130
948131
948132
948133
948134
948135
948136
948137
948138
948139
948140
948141
948142
948143
948144
948145
948146
948147
948148
948149
948150
948151
948152
948153
948154
948155
948156
948157
948158
948159
948160
948161
948162
948163
948164
948165
948166
948167
948168
948169
948170
948171
948172
948173
948174
948175
948176
948177
948178
948179
948180
948181
948182
948183
948184
948185
948186
948187
948188
948189
948190
948191
948192
948193
948194
948195
948196
948197
948198
948199
948200
948201
948202
948203
948204
948205
948206
948207
948208
948209
948210
948211
948212
948213
948214
948215
948216
948217
948218
948219
948220
948221
948223
948224
948225
948226
948227
948228
948229
948230
948231
948232
948233
948234
948235
948236
948237
948238
948239
948240
948241
948242
948243
948244
948245
948246
948247
948248
948249
948250
948251
948252
948253
948254
948255
948256
948257
948258
948259
948260
948261
948262
948263
948264
948265
948266
948267
948268
948269
948270
948271
948272
948273
948274
948275
948276
948277
948278
948279
948280
948281
948282
948283
948284
948285
948286
948287
948288
948289
948290
948291
948292
948293
948294
948295
948296
948297
948298
948299
948300
948301
948302
948303
948304
948305
948306
948307
948308
948309
948310
948311
948312
948313
948314
948315
948316
948317
948318
948319
948320
948321
948322
948323
948324
948325
948326
948327
948328
948329
948330
948331
948332
948334
948335
948336
948337
948338
948339
948340
948341
948342
948343
948344
948345
948346
948347
948348
948349
948350
948351
948352
948353
948354
948355
948356
948357
948358
948359
948360
948361
948362
948363
948364
948365
948366
948367
948368
948369
948370
948371
948372
948373
948374
948375
948376
948377
948378
948379
948380
948381
948382
948383
948384
948385
948386
948387
948388
948389
948390
948391
948392
948393
948394
948395
948396
948397
948398
948399
948400
948401
948402
948403
948404
948405
948406
948407
948408
948409
948410
948411
948412
948413
948414
948415
948416
948417
948418
948419
948420
948421
948422
948423
948424
948425
948426
948427
948428
948429
948430
948431
948432
948433
948434
948435
948436
948437
948438
948439
948440
948441
948442
948443
948445
948446
948447
948448
948449
948450
948451
948452
948453
948454
948455
948456
948457
948458
948459
948460
948461
948462
948463
948464
948465
948466
948467
948468
948469
948470
948471
948472
948473
948474
948475
948476
948477
948478
948479
948480
948481
948482
948483
948484
948485
948486
948487
948488
948489
948490
948491
948492
948493
948494
948495
948496
948497
948498
948499
948500
948501
948502
948503
948504
948505
948506
948507
948508
948509
948510
948511
948512
948513
948514
948515
948516
948517
948518
948519
948520
948521
948522
948523
948524
948525
948526
948527
948528
948529
948530
948531
948532
948533
948534
948535
948536
948537
948538
948539
948540
948541
948542
948543
948544
948545
948546
948547
948548
948549
948550
948551
948552
948553
948554
948556
948557
948558
948559
948560
948561
948562
948563
948564
948565
948566
948567
948568
948569
948570
948571
948572
948573
948574
948575
948576
948577
948578
948579
948580
948581
948582
948583
948584
948585
948586
948587
948588
948589
948590
948591
948592
948593
948594
948595
948596
948597
948598
948599
948600
948601
948602
948603
948604
948605
948606
948607
948608
948609
948610
948611
948612
948613
948614
948615
948616
948617
948618
948619
948620
948621
948622
948623
948624
948625
948626
948627
948628
948629
948630
948631
948632
948633
948634
948635
948636
948637
948638
948639
948640
948641
948642
948643
948644
948645
948646
948647
948648
948649
948650
948651
948652
948653
948654
948655
948656
948657
948658
948659
948660
948661
948662
948663
948664
948665
948667
948668
948669
948670
948671
948672
948673
948674
948675
948676
948677
948678
948679
948680
948681
948682
948683
948684
948685
948686
948687
948688
948689
948690
948691
948692
948693
948694
948695
948696
948697
948698
948699
948700
948701
948702
948703
948704
948705
948706
948707
948708
948709
948710
948711
948712
948713
948714
948715
948716
948717
948718
948719
948720
948721
948722
948723
948724
948725
948726
948727
948728
948729
948730
948731
948732
948733
948734
948735
948736
948737
948738
948739
948740
948741
948742
948743
948744
948745
948746
948747
948748
948749
948750
948751
948752
948753
948754
948755
948756
948757
948758
948759
948760
948761
948762
948763
948764
948765
948766
948767
948768
948769
948770
948771
948772
948773
948774
948775
948776
948778
948779
948780
948781
948782
948783
948784
948785
948786
948787
948788
948789
948790
948791
948792
948793
948794
948795
948796
948797
948798
948799
948800
948801
948802
948803
948804
948805
948806
948807
948808
948809
948810
948811
948812
948813
948814
948815
948816
948817
948818
948819
948820
948821
948822
948823
948824
948825
948826
948827
948828
948829
948830
948831
948832
948833
948834
948835
948836
948837
948838
948839
948840
948841
948842
948843
948844
948845
948846
948847
948848
948849
948850
948851
948852
948853
948854
948855
948856
948857
948858
948859
948860
948861
948862
948863
948864
948865
948866
948867
948868
948869
948870
948871
948872
948873
948874
948875
948876
948877
948878
948879
948890
948891
948892
948893
948894
948895
948896
948897
948898
948899
948900
948901
948902
948903
948904
948905
948906
948907
948908
948909
948910
948911
948912
948913
948914
948915
948916
948917
948918
948919
948920
948921
948922
948923
948924
948925
948926
948927
948928
948929
948930
948931
948932
948933
948934
948935
948936
948937
948938
948939
948940
948941
948942
948943
948944
948945
948946
948947
948948
948949
948950
948951
948952
948953
948954
948955
948956
948957
948958
948959
948960
948961
948962
948963
948964
948965
948966
948967
948968
948969
948970
948971
948972
948973
948974
948975
948976
948977
948978
948979
948980
948981
948982
948983
948984
948985
948986
948987
948988
948989
948990
948991
948992
948993
948994
948995
948996
948997
948998
