855128
855129
855130
855131
855132
855133
855134
855135
855136
855137
855138
855139
855140
855141
855142
855143
855144
855145
855146
855147
855148
855149
855150
855151
855152
855153
855154
855155
855156
855157
855158
855159
855160
855161
855162
855163
855164
855165
855166
855167
855168
855169
855170
855171
855172
855173
855174
855175
855176
855177
855178
855179
855180
855181
855182
855183
855184
855185
855186
855187
855188
855189
855190
855191
855192
855193
855194
855195
855196
855197
855198
855199
855200
855201
855202
855203
855204
855205
855206
855207
855208
855209
855210
855211
855212
855213
855214
855215
855216
855217
855218
855219
855220
855221
855223
855224
855225
855226
855227
855228
855229
855230
855231
855232
855233
855234
855235
855236
855237
855238
855239
855240
855241
855242
855243
855244
855245
855246
855247
855248
855249
855250
855251
855252
855253
855254
855255
855256
855257
855258
855259
855260
855261
855262
855263
855264
855265
855266
855267
855268
855269
855270
855271
855272
855273
855274
855275
855276
855277
855278
855279
855280
855281
855282
855283
855284
855285
855286
855287
855288
855289
855290
855291
855292
855293
855294
855295
855296
855297
855298
855299
855300
855301
855302
855303
855304
855305
855306
855307
855308
855309
855310
855311
855312
855313
855314
855315
855316
855317
855318
855319
855320
855321
855322
855323
855324
855325
855326
855327
855328
855329
855330
855331
855332
855334
855335
855336
855337
855338
855339
855340
855341
855342
855343
855344
855345
855346
855347
855348
855349
855350
855351
855352
855353
855354
855355
855356
855357
855358
855359
855360
855361
855362
855363
855364
855365
855366
855367
855368
855369
855370
855371
855372
855373
855374
855375
855376
855377
855378
855379
855380
855381
855382
855383
855384
855385
855386
855387
855388
855389
855390
855391
855392
855393
855394
855395
855396
855397
855398
855399
855400
855401
855402
855403
855404
855405
855406
855407
855408
855409
855410
855411
855412
855413
855414
855415
855416
855417
855418
855419
855420
855421
855422
855423
855424
855425
855426
855427
855428
855429
855430
855431
855432
855433
855434
855435
855436
855437
855438
855439
855440
855441
855442
855443
855445
855446
855447
855448
855449
855450
855451
855452
855453
855454
855455
855456
855457
855458
855459
855460
855461
855462
855463
855464
855465
855466
855467
855468
855469
855470
855471
855472
855473
855474
855475
855476
855477
855478
855479
855480
855481
855482
855483
855484
855485
855486
855487
855488
855489
855490
855491
855492
855493
855494
855495
855496
855497
855498
855499
855600
855601
855602
855603
855604
855605
855606
855607
855608
855609
855610
855611
855612
855613
855614
855615
855616
855617
855618
855619
855620
855621
855622
855623
855624
855625
855626
855627
855628
855629
855630
855631
855632
855633
855634
855635
855636
855637
855638
855639
855640
855641
855642
855643
855644
855645
855646
855647
855648
855649
855650
855651
855652
855653
855654
855655
855656
855657
855658
855659
855660
855661
855662
855663
855664
855665
855667
855668
855669
855670
855671
855672
855673
855674
855675
855676
855677
855678
855679
855680
855681
855682
855683
855684
855685
855686
855687
855688
855689
855690
855691
855692
855693
855694
855695
855696
855697
855698
855699
855700
855701
855702
855703
855704
855705
855706
855707
855708
855709
855710
855711
855712
855713
855714
855715
855716
855717
855718
855719
855720
855721
855722
855723
855724
855725
855726
855727
855728
855729
855730
855731
855732
855733
855734
855735
855736
855737
855738
855739
855740
855741
855742
855743
855744
855745
855746
855747
855748
855749
855750
855751
855752
855753
855754
855755
855756
855757
855758
855759
855760
855761
855762
855763
855764
855765
855766
855767
855768
855769
855770
855771
855772
855773
855774
855775
855776
855778
855779
855780
855781
855782
855783
855784
855785
855786
855787
855788
855789
855790
855791
855792
855793
855794
855795
855796
855797
855798
855799
855800
855801
855802
855803
855804
855805
855806
855807
855808
855809
855810
855811
855812
855813
855814
855815
855816
855817
855818
855819
855820
855821
855822
855823
855824
855825
855826
855827
855828
855829
855830
855831
855832
855833
855834
855835
855836
855837
855838
855839
855840
855841
855842
855843
855844
855845
855846
855847
855848
855849
855850
855851
855852
855853
855854
855855
855856
855857
855858
855859
855860
855861
855862
855863
855864
855865
855866
855867
855868
855869
855870
855871
855872
855873
855874
855875
855876
855877
855878
855879
855880
855881
855882
855883
855884
855885
855886
855887
855889
855890
855891
855892
855893
855894
855895
855896
855897
855898
855899
855900
855901
855902
855903
855904
855905
855906
855907
855908
855909
855910
855911
855912
855913
855914
855915
855916
855917
855918
855919
855920
855921
855922
855923
855924
855925
855926
855927
855928
855929
855930
855931
855932
855933
855934
855935
855936
855937
855938
855939
855940
855941
855942
855943
855944
855945
855946
855947
855948
855949
855950
855951
855952
855953
855954
855955
855956
855957
855958
855959
855960
855961
855962
855963
855964
855965
855966
855967
855968
855969
855970
855971
855972
855973
855974
855975
855976
855977
855978
855979
855980
855981
855982
855983
855984
855985
855986
855987
855988
855989
855990
855991
855992
855993
855994
855995
855996
855997
855998
856001
856002
856003
856004
856005
856006
856007
856008
856009
856010
856011
856012
856013
856014
856015
856016
856017
856018
856019
856020
856021
856022
856023
856024
856025
856026
856027
856028
856029
856030
856031
856032
856033
856034
856035
856036
856037
856038
856039
856040
856041
856042
856043
856044
856045
856046
856047
856048
856049
856050
856051
856052
856053
856054
856055
856056
856057
856058
856059
856060
856061
856062
856063
856064
856065
856066
856067
856068
856069
856070
856071
856072
856073
856074
856075
856076
856077
856078
856079
856080
856081
856082
856083
856084
856085
856086
856087
856088
856089
856090
856091
856092
856093
856094
856095
856096
856097
856098
856099
856100
856101
856102
856103
856104
856105
856106
856107
856108
856109
856110
856112
856113
856114
856115
856116
856117
856118
856119
856120
856121
856122
856123
856124
856125
856126
856127
856128
856129
856130
856131
856132
856133
856134
856135
856136
856137
856138
856139
856140
856141
856142
856143
856144
856145
856146
856147
856148
856149
856150
856151
856152
856153
856154
856155
856156
856157
856158
856159
856160
856161
856162
856163
856164
856165
856166
856167
856168
856169
856170
856171
856172
856173
856174
856175
856176
856177
856178
856179
856180
856181
856182
856183
856184
856185
856186
856187
856188
856189
856190
856191
856192
856193
856194
856195
856196
856197
856198
856199
856200
856201
856202
856203
856204
856205
856206
856207
856208
856209
856210
856211
856212
856213
856214
856215
856216
856217
856218
856219
856220
856221
856223
856224
856225
856226
856227
856228
856229
856230
856231
856232
856233
856234
856235
856236
856237
856238
856239
856240
856241
856242
856243
856244
856245
856246
856247
856248
856249
856250
856251
856252
856253
856254
856255
856256
856257
856258
856259
856260
856261
856262
856263
856264
856265
856266
856267
856268
856269
856270
856271
856272
856273
856274
856275
856276
856277
856278
856279
856280
856281
856282
856283
856284
856285
856286
856287
856288
856289
856290
856291
856292
856293
856294
856295
856296
856297
856298
856299
856300
856301
856302
856303
856304
856305
856306
856307
856308
856309
856310
856311
856312
856313
856314
856315
856316
856317
856318
856319
856320
856321
856322
856323
856324
856325
856326
856327
856328
856329
856330
856331
856332
856334
856335
856336
856337
856338
856339
856340
856341
856342
856343
856344
856345
856346
856347
856348
856349
856350
856351
856352
856353
856354
856355
856356
856357
856358
856359
856360
856361
856362
856363
856364
856365
856366
856367
856368
856369
856370
856371
856372
856373
856374
856375
856376
856377
856378
856379
856380
856381
