856382
856383
856384
856385
856386
856387
856388
856389
856390
856391
856392
856393
856394
856395
856396
856397
856398
856399
856400
856401
856402
856403
856404
856405
856406
856407
856408
856409
856410
856411
856412
856413
856414
856415
856416
856417
856418
856419
856420
856421
856422
856423
856424
856425
856426
856427
856428
856429
856430
856431
856432
856433
856434
856435
856436
856437
856438
856439
856440
856441
856442
856443
856445
856446
856447
856448
856449
856450
856451
856452
856453
856454
856455
856456
856457
856458
856459
856460
856461
856462
856463
856464
856465
856466
856467
856468
856469
856470
856471
856472
856473
856474
856475
856476
856477
856478
856479
856480
856481
856482
856483
856484
856485
856486
856487
856488
856489
856490
856491
856492
856493
856494
856495
856496
856497
856498
856499
856500
856501
856502
856503
856504
856505
856506
856507
856508
856509
856510
856511
856512
856513
856514
856515
856516
856517
856518
856519
856520
856521
856522
856523
856524
856525
856526
856527
856528
856529
856530
856531
856532
856533
856534
856535
856536
856537
856538
856539
856540
856541
856542
856543
856544
856545
856546
856547
856548
856549
856550
856551
856552
856553
856554
856556
856557
856558
856559
856560
856561
856562
856563
856564
856565
856566
856567
856568
856569
856570
856571
856572
856573
856574
856575
856576
856577
856578
856579
856580
856581
856582
856583
856584
856585
856586
856587
856588
856589
856590
856591
856592
856593
856594
856595
856596
856597
856598
856599
856600
856601
856602
856603
856604
856605
856606
856607
856608
856609
856610
856611
856612
856613
856614
856615
856616
856617
856618
856619
856620
856621
856622
856623
856624
856625
856626
856627
856628
856629
856630
856631
856632
856633
856634
856635
856636
856637
856638
856639
856640
856641
856642
856643
856644
856645
856646
856647
856648
856649
856650
856651
856652
856653
856654
856655
856656
856657
856658
856659
856670
856671
856672
856673
856674
856675
856676
856677
856678
856679
856680
856681
856682
856683
856684
856685
856686
856687
856688
856689
856690
856691
856692
856693
856694
856695
856696
856697
856698
856699
856700
856701
856702
856703
856704
856705
856706
856707
856708
856709
856710
856711
856712
856713
856714
856715
856716
856717
856718
856719
856720
856721
856722
856723
856724
856725
856726
856727
856728
856729
856730
856731
856732
856733
856734
856735
856736
856737
856738
856739
856740
856741
856742
856743
856744
856745
856746
856747
856748
856749
856750
856751
856752
856753
856754
856755
856756
856757
856758
856759
856760
856761
856762
856763
856764
856765
856766
856767
856768
856769
856770
856771
856772
856773
856774
856775
856776
856778
856779
856780
856781
856782
856783
856784
856785
856786
856787
856788
856789
856790
856791
856792
856793
856794
856795
856796
856797
856798
856799
856800
856801
856802
856803
856804
856805
856806
856807
856808
856809
856810
856811
856812
856813
856814
856815
856816
856817
856818
856819
856820
856821
856822
856823
856824
856825
856826
856827
856828
856829
856830
856831
856832
856833
856834
856835
856836
856837
856838
856839
856840
856841
856842
856843
856844
856845
856846
856847
856848
856849
856850
856851
856852
856853
856854
856855
856856
856857
856858
856859
856860
856861
856862
856863
856864
856865
856866
856867
856868
856869
856870
856871
856872
856873
856874
856875
856876
856877
856878
856879
856880
856881
856882
856883
856884
856885
856886
856887
856889
856890
856891
856892
856893
856894
856895
856896
856897
856898
856899
856900
856901
856902
856903
856904
856905
856906
856907
856908
856909
856910
856911
856912
856913
856914
856915
856916
856917
856918
856919
856920
856921
856922
856923
856924
856925
856926
856927
856928
856929
856930
856931
856932
856933
856934
856935
856936
856937
856938
856939
856940
856941
856942
856943
856944
856945
856946
856947
856948
856949
856950
856951
856952
856953
856954
856955
856956
856957
856958
856959
856960
856961
856962
856963
856964
856965
856966
856967
856968
856969
856970
856971
856972
856973
856974
856975
856976
856977
856978
856979
856980
856981
856982
856983
856984
856985
856986
856987
856988
856989
856990
856991
856992
856993
856994
856995
856996
856997
856998
857001
857002
857003
857004
857005
857006
857007
857008
857009
857010
857011
857012
857013
857014
857015
857016
857017
857018
857019
857020
857021
857022
857023
857024
857025
857026
857027
857028
857029
857030
857031
857032
857033
857034
857035
857036
857037
857038
857039
857040
857041
857042
857043
857044
857045
857046
857047
857048
857049
857050
857051
857052
857053
857054
857055
857056
857057
857058
857059
857060
857061
857062
857063
857064
857065
857066
857067
857068
857069
857070
857071
857072
857073
857074
857075
857076
857077
857078
857079
857080
857081
857082
857083
857084
857085
857086
857087
857088
857089
857090
857091
857092
857093
857094
857095
857096
857097
857098
857099
857100
857101
857102
857103
857104
857105
857106
857107
857108
857109
857110
857112
857113
857114
857115
857116
857117
857118
857119
857120
857121
857122
857123
857124
857125
857126
857127
857128
857129
857130
857131
857132
857133
857134
857135
857136
857137
857138
857139
857140
857141
857142
857143
857144
857145
857146
857147
857148
857149
857150
857151
857152
857153
857154
857155
857156
857157
857158
857159
857160
857161
857162
857163
857164
857165
857166
857167
857168
857169
857170
857171
857172
857173
857174
857175
857176
857177
857178
857179
857180
857181
857182
857183
857184
857185
857186
857187
857188
857189
857190
857191
857192
857193
857194
857195
857196
857197
857198
857199
857200
857201
857202
857203
857204
857205
857206
857207
857208
857209
857210
857211
857212
857213
857214
857215
857216
857217
857218
857219
857220
857221
857223
857224
857225
857226
857227
857228
857229
857230
857231
857232
857233
857234
857235
857236
857237
857238
857239
857240
857241
857242
857243
857244
857245
857246
857247
857248
857249
857250
857251
857252
857253
857254
857255
857256
857257
857258
857259
857260
857261
857262
857263
857264
857265
857266
857267
857268
857269
857270
857271
857272
857273
857274
857275
857276
857277
857278
857279
857280
857281
857282
857283
857284
857285
857286
857287
857288
857289
857290
857291
857292
857293
857294
857295
857296
857297
857298
857299
857300
857301
857302
857303
857304
857305
857306
857307
857308
857309
857310
857311
857312
857313
857314
857315
857316
857317
857318
857319
857320
857321
857322
857323
857324
857325
857326
857327
857328
857329
857330
857331
857332
857334
857335
857336
857337
857338
857339
857340
857341
857342
857343
857344
857345
857346
857347
857348
857349
857350
857351
857352
857353
857354
857355
857356
857357
857358
857359
857360
857361
857362
857363
857364
857365
857366
857367
857368
857369
857370
857371
857372
857373
857374
857375
857376
857377
857378
857379
857380
857381
857382
857383
857384
857385
857386
857387
857388
857389
857390
857391
857392
857393
857394
857395
857396
857397
857398
857399
857400
857401
857402
857403
857404
857405
857406
857407
857408
857409
857410
857411
857412
857413
857414
857415
857416
857417
857418
857419
857420
857421
857422
857423
857424
857425
857426
857427
857428
857429
857430
857431
857432
857433
857434
857435
857436
857437
857438
857439
857440
857441
857442
857443
857445
857446
857447
857448
857449
857450
857451
857452
857453
857454
857455
857456
857457
857458
857459
857460
857461
857462
857463
857464
857465
857466
857467
857468
857469
857470
857471
857472
857473
857474
857475
857476
857477
857478
857479
857480
857481
857482
857483
857484
857485
857486
857487
857488
857489
857490
857491
857492
857493
857494
857495
857496
857497
857498
857499
857500
857501
857502
857503
857504
857505
857506
857507
857508
857509
857510
857511
857512
857513
857514
857515
857516
857517
857518
857519
857520
857521
857522
857523
857524
857525
857526
857527
857528
857529
857530
857531
857532
857533
857534
857535
857536
857537
857538
857539
857540
857541
857542
857543
857544
