858709
858710
858711
858712
858713
858714
858715
858716
858717
858718
858719
858720
858721
858722
858723
858724
858725
858726
858727
858728
858729
858730
858731
858732
858733
858734
858735
858736
858737
858738
858739
858740
858741
858742
858743
858744
858745
858746
858747
858748
858749
858750
858751
858752
858753
858754
858755
858756
858757
858758
858759
858760
858761
858762
858763
858764
858765
858766
858767
858768
858769
858770
858771
858772
858773
858774
858775
858776
858778
858779
858780
858781
858782
858783
858784
858785
858786
858787
858788
858789
858790
858791
858792
858793
858794
858795
858796
858797
858798
858799
858800
858801
858802
858803
858804
858805
858806
858807
858808
858809
858810
858811
858812
858813
858814
858815
858816
858817
858818
858819
858820
858821
858822
858823
858824
858825
858826
858827
858828
858829
858830
858831
858832
858833
858834
858835
858836
858837
858838
858839
858840
858841
858842
858843
858844
858845
858846
858847
858848
858849
858850
858851
858852
858853
858854
858855
858856
858857
858858
858859
858860
858861
858862
858863
858864
858865
858866
858867
858868
858869
858870
858871
858872
858873
858874
858875
858876
858877
858878
858879
858890
858891
858892
858893
858894
858895
858896
858897
858898
858899
858900
858901
858902
858903
858904
858905
858906
858907
858908
858909
858910
858911
858912
858913
858914
858915
858916
858917
858918
858919
858920
858921
858922
858923
858924
858925
858926
858927
858928
858929
858930
858931
858932
858933
858934
858935
858936
858937
858938
858939
858940
858941
858942
858943
858944
858945
858946
858947
858948
858949
858950
858951
858952
858953
858954
858955
858956
858957
858958
858959
858960
858961
858962
858963
858964
858965
858966
858967
858968
858969
858970
858971
858972
858973
858974
858975
858976
858977
858978
858979
858980
858981
858982
858983
858984
858985
858986
858987
858988
858989
858990
858991
858992
858993
858994
858995
858996
858997
858998
859001
859002
859003
859004
859005
859006
859007
859008
859009
859010
859011
859012
859013
859014
859015
859016
859017
859018
859019
859020
859021
859022
859023
859024
859025
859026
859027
859028
859029
859030
859031
859032
859033
859034
859035
859036
859037
859038
859039
859040
859041
859042
859043
859044
859045
859046
859047
859048
859049
859050
859051
859052
859053
859054
859055
859056
859057
859058
859059
859060
859061
859062
859063
859064
859065
859066
859067
859068
859069
859070
859071
859072
859073
859074
859075
859076
859077
859078
859079
859080
859081
859082
859083
859084
859085
859086
859087
859088
859089
859090
859091
859092
859093
859094
859095
859096
859097
859098
859099
859100
859101
859102
859103
859104
859105
859106
859107
859108
859109
859110
859112
859113
859114
859115
859116
859117
859118
859119
859120
859121
859122
859123
859124
859125
859126
859127
859128
859129
859130
859131
859132
859133
859134
859135
859136
859137
859138
859139
859140
859141
859142
859143
859144
859145
859146
859147
859148
859149
859150
859151
859152
859153
859154
859155
859156
859157
859158
859159
859160
859161
859162
859163
859164
859165
859166
859167
859168
859169
859170
859171
859172
859173
859174
859175
859176
859177
859178
859179
859180
859181
859182
859183
859184
859185
859186
859187
859188
859189
859190
859191
859192
859193
859194
859195
859196
859197
859198
859199
859200
859201
859202
859203
859204
859205
859206
859207
859208
859209
859210
859211
859212
859213
859214
859215
859216
859217
859218
859219
859220
859221
859223
859224
859225
859226
859227
859228
859229
859230
859231
859232
859233
859234
859235
859236
859237
859238
859239
859240
859241
859242
859243
859244
859245
859246
859247
859248
859249
859250
859251
859252
859253
859254
859255
859256
859257
859258
859259
859260
859261
859262
859263
859264
859265
859266
859267
859268
859269
859270
859271
859272
859273
859274
859275
859276
859277
859278
859279
859280
859281
859282
859283
859284
859285
859286
859287
859288
859289
859290
859291
859292
859293
859294
859295
859296
859297
859298
859299
859300
859301
859302
859303
859304
859305
859306
859307
859308
859309
859310
859311
859312
859313
859314
859315
859316
859317
859318
859319
859320
859321
859322
859323
859324
859325
859326
859327
859328
859329
859330
859331
859332
859334
859335
859336
859337
859338
859339
859340
859341
859342
859343
859344
859345
859346
859347
859348
859349
859350
859351
859352
859353
859354
859355
859356
859357
859358
859359
859360
859361
859362
859363
859364
859365
859366
859367
859368
859369
859370
859371
859372
859373
859374
859375
859376
859377
859378
859379
859380
859381
859382
859383
859384
859385
859386
859387
859388
859389
859390
859391
859392
859393
859394
859395
859396
859397
859398
859399
859400
859401
859402
859403
859404
859405
859406
859407
859408
859409
859410
859411
859412
859413
859414
859415
859416
859417
859418
859419
859420
859421
859422
859423
859424
859425
859426
859427
859428
859429
859430
859431
859432
859433
859434
859435
859436
859437
859438
859439
859440
859441
859442
859443
859445
859446
859447
859448
859449
859450
859451
859452
859453
859454
859455
859456
859457
859458
859459
859460
859461
859462
859463
859464
859465
859466
859467
859468
859469
859470
859471
859472
859473
859474
859475
859476
859477
859478
859479
859480
859481
859482
859483
859484
859485
859486
859487
859488
859489
859490
859491
859492
859493
859494
859495
859496
859497
859498
859499
859500
859501
859502
859503
859504
859505
859506
859507
859508
859509
859510
859511
859512
859513
859514
859515
859516
859517
859518
859519
859520
859521
859522
859523
859524
859525
859526
859527
859528
859529
859530
859531
859532
859533
859534
859535
859536
859537
859538
859539
859540
859541
859542
859543
859544
859545
859546
859547
859548
859549
859550
859551
859552
859553
859554
859556
859557
859558
859559
859560
859561
859562
859563
859564
859565
859566
859567
859568
859569
859570
859571
859572
859573
859574
859575
859576
859577
859578
859579
859580
859581
859582
859583
859584
859585
859586
859587
859588
859589
859590
859591
859592
859593
859594
859595
859596
859597
859598
859599
859600
859601
859602
859603
859604
859605
859606
859607
859608
859609
859610
859611
859612
859613
859614
859615
859616
859617
859618
859619
859620
859621
859622
859623
859624
859625
859626
859627
859628
859629
859630
859631
859632
859633
859634
859635
859636
859637
859638
859639
859640
859641
859642
859643
859644
859645
859646
859647
859648
859649
859650
859651
859652
859653
859654
859655
859656
859657
859658
859659
859660
859661
859662
859663
859664
859665
859667
859668
859669
859670
859671
859672
859673
859674
859675
859676
859677
859678
859679
859680
859681
859682
859683
859684
859685
859686
859687
859688
859689
859690
859691
859692
859693
859694
859695
859696
859697
859698
859699
859700
859701
859702
859703
859704
859705
859706
859707
859708
859709
859710
859711
859712
859713
859714
859715
859716
859717
859718
859719
859720
859721
859722
859723
859724
859725
859726
859727
859728
859729
859730
859731
859732
859733
859734
859735
859736
859737
859738
859739
859740
859741
859742
859743
859744
859745
859746
859747
859748
859749
859750
859751
859752
859753
859754
859755
859756
859757
859758
859759
859760
859761
859762
859763
859764
859765
859766
859767
859768
859769
859770
859771
859772
859773
859774
859775
859776
859778
859779
859780
859781
859782
859783
859784
859785
859786
859787
859788
859789
859790
859791
859792
859793
859794
859795
859796
859797
859798
859799
859800
859801
859802
859803
859804
859805
859806
859807
859808
859809
859810
859811
859812
859813
859814
859815
859816
859817
859818
859819
859820
859821
859822
859823
859824
859825
859826
859827
859828
859829
859830
859831
859832
859833
859834
859835
859836
859837
859838
859839
859840
859841
859842
859843
859844
859845
859846
859847
859848
859849
859850
859851
859852
859853
859854
859855
859856
859857
859858
859859
859860
859861
859862
859863
859864
859865
859866
859867
859868
859869
859870
859871
