859872
859873
859874
859875
859876
859877
859878
859879
859880
859881
859882
859883
859884
859885
859886
859887
859889
859890
859891
859892
859893
859894
859895
859896
859897
859898
859899
859900
859901
859902
859903
859904
859905
859906
859907
859908
859909
859910
859911
859912
859913
859914
859915
859916
859917
859918
859919
859920
859921
859922
859923
859924
859925
859926
859927
859928
859929
859930
859931
859932
859933
859934
859935
859936
859937
859938
859939
859940
859941
859942
859943
859944
859945
859946
859947
859948
859949
859950
859951
859952
859953
859954
859955
859956
859957
859958
859959
859960
859961
859962
859963
859964
859965
859966
859967
859968
859969
859970
859971
859972
859973
859974
859975
859976
859977
859978
859979
859980
859981
859982
859983
859984
859985
859986
859987
859988
859989
860010
860011
860012
860013
860014
860015
860016
860017
860018
860019
860020
860021
860022
860023
860024
860025
860026
860027
860028
860029
860030
860031
860032
860033
860034
860035
860036
860037
860038
860039
860040
860041
860042
860043
860044
860045
860046
860047
860048
860049
860050
860051
860052
860053
860054
860055
860056
860057
860058
860059
860060
860061
860062
860063
860064
860065
860066
860067
860068
860069
860070
860071
860072
860073
860074
860075
860076
860077
860078
860079
860080
860081
860082
860083
860084
860085
860086
860087
860088
860089
860090
860091
860092
860093
860094
860095
860096
860097
860098
860099
860100
860101
860102
860103
860104
860105
860106
860107
860108
860109
860110
860112
860113
860114
860115
860116
860117
860118
860119
860120
860121
860122
860123
860124
860125
860126
860127
860128
860129
860130
860131
860132
860133
860134
860135
860136
860137
860138
860139
860140
860141
860142
860143
860144
860145
860146
860147
860148
860149
860150
860151
860152
860153
860154
860155
860156
860157
860158
860159
860160
860161
860162
860163
860164
860165
860166
860167
860168
860169
860170
860171
860172
860173
860174
860175
860176
860177
860178
860179
860180
860181
860182
860183
860184
860185
860186
860187
860188
860189
860190
860191
860192
860193
860194
860195
860196
860197
860198
860199
860200
860201
860202
860203
860204
860205
860206
860207
860208
860209
860210
860211
860212
860213
860214
860215
860216
860217
860218
860219
860220
860221
860223
860224
860225
860226
860227
860228
860229
860230
860231
860232
860233
860234
860235
860236
860237
860238
860239
860240
860241
860242
860243
860244
860245
860246
860247
860248
860249
860250
860251
860252
860253
860254
860255
860256
860257
860258
860259
860260
860261
860262
860263
860264
860265
860266
860267
860268
860269
860270
860271
860272
860273
860274
860275
860276
860277
860278
860279
860280
860281
860282
860283
860284
860285
860286
860287
860288
860289
860290
860291
860292
860293
860294
860295
860296
860297
860298
860299
860300
860301
860302
860303
860304
860305
860306
860307
860308
860309
860310
860311
860312
860313
860314
860315
860316
860317
860318
860319
860320
860321
860322
860323
860324
860325
860326
860327
860328
860329
860330
860331
860332
860334
860335
860336
860337
860338
860339
860340
860341
860342
860343
860344
860345
860346
860347
860348
860349
860350
860351
860352
860353
860354
860355
860356
860357
860358
860359
860360
860361
860362
860363
860364
860365
860366
860367
860368
860369
860370
860371
860372
860373
860374
860375
860376
860377
860378
860379
860380
860381
860382
860383
860384
860385
860386
860387
860388
860389
860390
860391
860392
860393
860394
860395
860396
860397
860398
860399
860400
860401
860402
860403
860404
860405
860406
860407
860408
860409
860410
860411
860412
860413
860414
860415
860416
860417
860418
860419
860420
860421
860422
860423
860424
860425
860426
860427
860428
860429
860430
860431
860432
860433
860434
860435
860436
860437
860438
860439
860440
860441
860442
860443
860445
860446
860447
860448
860449
860450
860451
860452
860453
860454
860455
860456
860457
860458
860459
860460
860461
860462
860463
860464
860465
860466
860467
860468
860469
860470
860471
860472
860473
860474
860475
860476
860477
860478
860479
860480
860481
860482
860483
860484
860485
860486
860487
860488
860489
860490
860491
860492
860493
860494
860495
860496
860497
860498
860499
860500
860501
860502
860503
860504
860505
860506
860507
860508
860509
860510
860511
860512
860513
860514
860515
860516
860517
860518
860519
860520
860521
860522
860523
860524
860525
860526
860527
860528
860529
860530
860531
860532
860533
860534
860535
860536
860537
860538
860539
860540
860541
860542
860543
860544
860545
860546
860547
860548
860549
860550
860551
860552
860553
860554
860556
860557
860558
860559
860560
860561
860562
860563
860564
860565
860566
860567
860568
860569
860570
860571
860572
860573
860574
860575
860576
860577
860578
860579
860580
860581
860582
860583
860584
860585
860586
860587
860588
860589
860590
860591
860592
860593
860594
860595
860596
860597
860598
860599
860600
860601
860602
860603
860604
860605
860606
860607
860608
860609
860610
860611
860612
860613
860614
860615
860616
860617
860618
860619
860620
860621
860622
860623
860624
860625
860626
860627
860628
860629
860630
860631
860632
860633
860634
860635
860636
860637
860638
860639
860640
860641
860642
860643
860644
860645
860646
860647
860648
860649
860650
860651
860652
860653
860654
860655
860656
860657
860658
860659
860660
860661
860662
860663
860664
860665
860667
860668
860669
860670
860671
860672
860673
860674
860675
860676
860677
860678
860679
860680
860681
860682
860683
860684
860685
860686
860687
860688
860689
860690
860691
860692
860693
860694
860695
860696
860697
860698
860699
860700
860701
860702
860703
860704
860705
860706
860707
860708
860709
860710
860711
860712
860713
860714
860715
860716
860717
860718
860719
860720
860721
860722
860723
860724
860725
860726
860727
860728
860729
860730
860731
860732
860733
860734
860735
860736
860737
860738
860739
860740
860741
860742
860743
860744
860745
860746
860747
860748
860749
860750
860751
860752
860753
860754
860755
860756
860757
860758
860759
860760
860761
860762
860763
860764
860765
860766
860767
860768
860769
860770
860771
860772
860773
860774
860775
860776
860778
860779
860780
860781
860782
860783
860784
860785
860786
860787
860788
860789
860790
860791
860792
860793
860794
860795
860796
860797
860798
860799
860800
860801
860802
860803
860804
860805
860806
860807
860808
860809
860810
860811
860812
860813
860814
860815
860816
860817
860818
860819
860820
860821
860822
860823
860824
860825
860826
860827
860828
860829
860830
860831
860832
860833
860834
860835
860836
860837
860838
860839
860840
860841
860842
860843
860844
860845
860846
860847
860848
860849
860850
860851
860852
860853
860854
860855
860856
860857
860858
860859
860860
860861
860862
860863
860864
860865
860866
860867
860868
860869
860870
860871
860872
860873
860874
860875
860876
860877
860878
860879
860880
860881
860882
860883
860884
860885
860886
860887
860889
860890
860891
860892
860893
860894
860895
860896
860897
860898
860899
860900
860901
860902
860903
860904
860905
860906
860907
860908
860909
860910
860911
860912
860913
860914
860915
860916
860917
860918
860919
860920
860921
860922
860923
860924
860925
860926
860927
860928
860929
860930
860931
860932
860933
860934
860935
860936
860937
860938
860939
860940
860941
860942
860943
860944
860945
860946
860947
860948
860949
860950
860951
860952
860953
860954
860955
860956
860957
860958
860959
860960
860961
860962
860963
860964
860965
860966
860967
860968
860969
860970
860971
860972
860973
860974
860975
860976
860977
860978
860979
860980
860981
860982
860983
860984
860985
860986
860987
860988
860989
860990
860991
860992
860993
860994
860995
860996
860997
860998
861001
861002
861003
861004
861005
861006
861007
861008
861009
861010
861011
861012
861013
861014
861015
861016
861017
861018
861019
861020
861021
861022
861023
861024
861025
861026
861027
861028
861029
861030
861031
861032
861033
861034
861035
861036
861037
861038
861039
861040
861041
861042
861043
861044
861045
