861046
861047
861048
861049
861050
861051
861052
861053
861054
861055
861056
861057
861058
861059
861060
861061
861062
861063
861064
861065
861066
861067
861068
861069
861070
861071
861072
861073
861074
861075
861076
861077
861078
861079
861080
861081
861082
861083
861084
861085
861086
861087
861088
861089
861090
861091
861092
861093
861094
861095
861096
861097
861098
861099
861100
861101
861102
861103
861104
861105
861106
861107
861108
861109
861120
861121
861122
861123
861124
861125
861126
861127
861128
861129
861130
861131
861132
861133
861134
861135
861136
861137
861138
861139
861140
861141
861142
861143
861144
861145
861146
861147
861148
861149
861150
861151
861152
861153
861154
861155
861156
861157
861158
861159
861160
861161
861162
861163
861164
861165
861166
861167
861168
861169
861170
861171
861172
861173
861174
861175
861176
861177
861178
861179
861180
861181
861182
861183
861184
861185
861186
861187
861188
861189
861190
861191
861192
861193
861194
861195
861196
861197
861198
861199
861200
861201
861202
861203
861204
861205
861206
861207
861208
861209
861210
861211
861212
861213
861214
861215
861216
861217
861218
861219
861220
861221
861223
861224
861225
861226
861227
861228
861229
861230
861231
861232
861233
861234
861235
861236
861237
861238
861239
861240
861241
861242
861243
861244
861245
861246
861247
861248
861249
861250
861251
861252
861253
861254
861255
861256
861257
861258
861259
861260
861261
861262
861263
861264
861265
861266
861267
861268
861269
861270
861271
861272
861273
861274
861275
861276
861277
861278
861279
861280
861281
861282
861283
861284
861285
861286
861287
861288
861289
861290
861291
861292
861293
861294
861295
861296
861297
861298
861299
861300
861301
861302
861303
861304
861305
861306
861307
861308
861309
861310
861311
861312
861313
861314
861315
861316
861317
861318
861319
861320
861321
861322
861323
861324
861325
861326
861327
861328
861329
861330
861331
861332
861334
861335
861336
861337
861338
861339
861340
861341
861342
861343
861344
861345
861346
861347
861348
861349
861350
861351
861352
861353
861354
861355
861356
861357
861358
861359
861360
861361
861362
861363
861364
861365
861366
861367
861368
861369
861370
861371
861372
861373
861374
861375
861376
861377
861378
861379
861380
861381
861382
861383
861384
861385
861386
861387
861388
861389
861390
861391
861392
861393
861394
861395
861396
861397
861398
861399
861400
861401
861402
861403
861404
861405
861406
861407
861408
861409
861410
861411
861412
861413
861414
861415
861416
861417
861418
861419
861420
861421
861422
861423
861424
861425
861426
861427
861428
861429
861430
861431
861432
861433
861434
861435
861436
861437
861438
861439
861440
861441
861442
861443
861445
861446
861447
861448
861449
861450
861451
861452
861453
861454
861455
861456
861457
861458
861459
861460
861461
861462
861463
861464
861465
861466
861467
861468
861469
861470
861471
861472
861473
861474
861475
861476
861477
861478
861479
861480
861481
861482
861483
861484
861485
861486
861487
861488
861489
861490
861491
861492
861493
861494
861495
861496
861497
861498
861499
861500
861501
861502
861503
861504
861505
861506
861507
861508
861509
861510
861511
861512
861513
861514
861515
861516
861517
861518
861519
861520
861521
861522
861523
861524
861525
861526
861527
861528
861529
861530
861531
861532
861533
861534
861535
861536
861537
861538
861539
861540
861541
861542
861543
861544
861545
861546
861547
861548
861549
861550
861551
861552
861553
861554
861556
861557
861558
861559
861560
861561
861562
861563
861564
861565
861566
861567
861568
861569
861570
861571
861572
861573
861574
861575
861576
861577
861578
861579
861580
861581
861582
861583
861584
861585
861586
861587
861588
861589
861590
861591
861592
861593
861594
861595
861596
861597
861598
861599
861600
861601
861602
861603
861604
861605
861606
861607
861608
861609
861610
861611
861612
861613
861614
861615
861616
861617
861618
861619
861620
861621
861622
861623
861624
861625
861626
861627
861628
861629
861630
861631
861632
861633
861634
861635
861636
861637
861638
861639
861640
861641
861642
861643
861644
861645
861646
861647
861648
861649
861650
861651
861652
861653
861654
861655
861656
861657
861658
861659
861660
861661
861662
861663
861664
861665
861667
861668
861669
861670
861671
861672
861673
861674
861675
861676
861677
861678
861679
861680
861681
861682
861683
861684
861685
861686
861687
861688
861689
861690
861691
861692
861693
861694
861695
861696
861697
861698
861699
861700
861701
861702
861703
861704
861705
861706
861707
861708
861709
861710
861711
861712
861713
861714
861715
861716
861717
861718
861719
861720
861721
861722
861723
861724
861725
861726
861727
861728
861729
861730
861731
861732
861733
861734
861735
861736
861737
861738
861739
861740
861741
861742
861743
861744
861745
861746
861747
861748
861749
861750
861751
861752
861753
861754
861755
861756
861757
861758
861759
861760
861761
861762
861763
861764
861765
861766
861767
861768
861769
861770
861771
861772
861773
861774
861775
861776
861778
861779
861780
861781
861782
861783
861784
861785
861786
861787
861788
861789
861790
861791
861792
861793
861794
861795
861796
861797
861798
861799
861800
861801
861802
861803
861804
861805
861806
861807
861808
861809
861810
861811
861812
861813
861814
861815
861816
861817
861818
861819
861820
861821
861822
861823
861824
861825
861826
861827
861828
861829
861830
861831
861832
861833
861834
861835
861836
861837
861838
861839
861840
861841
861842
861843
861844
861845
861846
861847
861848
861849
861850
861851
861852
861853
861854
861855
861856
861857
861858
861859
861860
861861
861862
861863
861864
861865
861866
861867
861868
861869
861870
861871
861872
861873
861874
861875
861876
861877
861878
861879
861880
861881
861882
861883
861884
861885
861886
861887
861889
861890
861891
861892
861893
861894
861895
861896
861897
861898
861899
861900
861901
861902
861903
861904
861905
861906
861907
861908
861909
861910
861911
861912
861913
861914
861915
861916
861917
861918
861919
861920
861921
861922
861923
861924
861925
861926
861927
861928
861929
861930
861931
861932
861933
861934
861935
861936
861937
861938
861939
861940
861941
861942
861943
861944
861945
861946
861947
861948
861949
861950
861951
861952
861953
861954
861955
861956
861957
861958
861959
861960
861961
861962
861963
861964
861965
861966
861967
861968
861969
861970
861971
861972
861973
861974
861975
861976
861977
861978
861979
861980
861981
861982
861983
861984
861985
861986
861987
861988
861989
861990
861991
861992
861993
861994
861995
861996
861997
861998
862001
862002
862003
862004
862005
862006
862007
862008
862009
862010
862011
862012
862013
862014
862015
862016
862017
862018
862019
862020
862021
862022
862023
862024
862025
862026
862027
862028
862029
862030
862031
862032
862033
862034
862035
862036
862037
862038
862039
862040
862041
862042
862043
862044
862045
862046
862047
862048
862049
862050
862051
862052
862053
862054
862055
862056
862057
862058
862059
862060
862061
862062
862063
862064
862065
862066
862067
862068
862069
862070
862071
862072
862073
862074
862075
862076
862077
862078
862079
862080
862081
862082
862083
862084
862085
862086
862087
862088
862089
862090
862091
862092
862093
862094
862095
862096
862097
862098
862099
862100
862101
862102
862103
862104
862105
862106
862107
862108
862109
862110
862112
862113
862114
862115
862116
862117
862118
862119
862120
862121
862122
862123
862124
862125
862126
862127
862128
862129
862130
862131
862132
862133
862134
862135
862136
862137
862138
862139
862140
862141
862142
862143
862144
862145
862146
862147
862148
862149
862150
862151
862152
862153
862154
862155
862156
862157
862158
862159
862160
862161
862162
862163
862164
862165
862166
862167
862168
862169
862170
862171
862172
862173
862174
862175
862176
862177
862178
862179
862180
862181
862182
862183
862184
862185
862186
862187
862188
862189
862190
862191
862192
862193
862194
862195
862196
862197
862198
862199
862200
862201
862202
862203
862204
862205
862206
862207
862208
