862209
862210
862211
862212
862213
862214
862215
862216
862217
862218
862219
862230
862231
862232
862233
862234
862235
862236
862237
862238
862239
862240
862241
862242
862243
862244
862245
862246
862247
862248
862249
862250
862251
862252
862253
862254
862255
862256
862257
862258
862259
862260
862261
862262
862263
862264
862265
862266
862267
862268
862269
862270
862271
862272
862273
862274
862275
862276
862277
862278
862279
862280
862281
862282
862283
862284
862285
862286
862287
862288
862289
862290
862291
862292
862293
862294
862295
862296
862297
862298
862299
862300
862301
862302
862303
862304
862305
862306
862307
862308
862309
862310
862311
862312
862313
862314
862315
862316
862317
862318
862319
862320
862321
862322
862323
862324
862325
862326
862327
862328
862329
862330
862331
862332
862334
862335
862336
862337
862338
862339
862340
862341
862342
862343
862344
862345
862346
862347
862348
862349
862350
862351
862352
862353
862354
862355
862356
862357
862358
862359
862360
862361
862362
862363
862364
862365
862366
862367
862368
862369
862370
862371
862372
862373
862374
862375
862376
862377
862378
862379
862380
862381
862382
862383
862384
862385
862386
862387
862388
862389
862390
862391
862392
862393
862394
862395
862396
862397
862398
862399
862400
862401
862402
862403
862404
862405
862406
862407
862408
862409
862410
862411
862412
862413
862414
862415
862416
862417
862418
862419
862420
862421
862422
862423
862424
862425
862426
862427
862428
862429
862430
862431
862432
862433
862434
862435
862436
862437
862438
862439
862440
862441
862442
862443
862445
862446
862447
862448
862449
862450
862451
862452
862453
862454
862455
862456
862457
862458
862459
862460
862461
862462
862463
862464
862465
862466
862467
862468
862469
862470
862471
862472
862473
862474
862475
862476
862477
862478
862479
862480
862481
862482
862483
862484
862485
862486
862487
862488
862489
862490
862491
862492
862493
862494
862495
862496
862497
862498
862499
862500
862501
862502
862503
862504
862505
862506
862507
862508
862509
862510
862511
862512
862513
862514
862515
862516
862517
862518
862519
862520
862521
862522
862523
862524
862525
862526
862527
862528
862529
862530
862531
862532
862533
862534
862535
862536
862537
862538
862539
862540
862541
862542
862543
862544
862545
862546
862547
862548
862549
862550
862551
862552
862553
862554
862556
862557
862558
862559
862560
862561
862562
862563
862564
862565
862566
862567
862568
862569
862570
862571
862572
862573
862574
862575
862576
862577
862578
862579
862580
862581
862582
862583
862584
862585
862586
862587
862588
862589
862590
862591
862592
862593
862594
862595
862596
862597
862598
862599
862600
862601
862602
862603
862604
862605
862606
862607
862608
862609
862610
862611
862612
862613
862614
862615
862616
862617
862618
862619
862620
862621
862622
862623
862624
862625
862626
862627
862628
862629
862630
862631
862632
862633
862634
862635
862636
862637
862638
862639
862640
862641
862642
862643
862644
862645
862646
862647
862648
862649
862650
862651
862652
862653
862654
862655
862656
862657
862658
862659
862660
862661
862662
862663
862664
862665
862667
862668
862669
862670
862671
862672
862673
862674
862675
862676
862677
862678
862679
862680
862681
862682
862683
862684
862685
862686
862687
862688
862689
862690
862691
862692
862693
862694
862695
862696
862697
862698
862699
862700
862701
862702
862703
862704
862705
862706
862707
862708
862709
862710
862711
862712
862713
862714
862715
862716
862717
862718
862719
862720
862721
862722
862723
862724
862725
862726
862727
862728
862729
862730
862731
862732
862733
862734
862735
862736
862737
862738
862739
862740
862741
862742
862743
862744
862745
862746
862747
862748
862749
862750
862751
862752
862753
862754
862755
862756
862757
862758
862759
862760
862761
862762
862763
862764
862765
862766
862767
862768
862769
862770
862771
862772
862773
862774
862775
862776
862778
862779
862780
862781
862782
862783
862784
862785
862786
862787
862788
862789
862790
862791
862792
862793
862794
862795
862796
862797
862798
862799
862800
862801
862802
862803
862804
862805
862806
862807
862808
862809
862810
862811
862812
862813
862814
862815
862816
862817
862818
862819
862820
862821
862822
862823
862824
862825
862826
862827
862828
862829
862830
862831
862832
862833
862834
862835
862836
862837
862838
862839
862840
862841
862842
862843
862844
862845
862846
862847
862848
862849
862850
862851
862852
862853
862854
862855
862856
862857
862858
862859
862860
862861
862862
862863
862864
862865
862866
862867
862868
862869
862870
862871
862872
862873
862874
862875
862876
862877
862878
862879
862880
862881
862882
862883
862884
862885
862886
862887
862889
862890
862891
862892
862893
862894
862895
862896
862897
862898
862899
862900
862901
862902
862903
862904
862905
862906
862907
862908
862909
862910
862911
862912
862913
862914
862915
862916
862917
862918
862919
862920
862921
862922
862923
862924
862925
862926
862927
862928
862929
862930
862931
862932
862933
862934
862935
862936
862937
862938
862939
862940
862941
862942
862943
862944
862945
862946
862947
862948
862949
862950
862951
862952
862953
862954
862955
862956
862957
862958
862959
862960
862961
862962
862963
862964
862965
862966
862967
862968
862969
862970
862971
862972
862973
862974
862975
862976
862977
862978
862979
862980
862981
862982
862983
862984
862985
862986
862987
862988
862989
862990
862991
862992
862993
862994
862995
862996
862997
862998
863001
863002
863003
863004
863005
863006
863007
863008
863009
863010
863011
863012
863013
863014
863015
863016
863017
863018
863019
863020
863021
863022
863023
863024
863025
863026
863027
863028
863029
863030
863031
863032
863033
863034
863035
863036
863037
863038
863039
863040
863041
863042
863043
863044
863045
863046
863047
863048
863049
863050
863051
863052
863053
863054
863055
863056
863057
863058
863059
863060
863061
863062
863063
863064
863065
863066
863067
863068
863069
863070
863071
863072
863073
863074
863075
863076
863077
863078
863079
863080
863081
863082
863083
863084
863085
863086
863087
863088
863089
863090
863091
863092
863093
863094
863095
863096
863097
863098
863099
863100
863101
863102
863103
863104
863105
863106
863107
863108
863109
863110
863112
863113
863114
863115
863116
863117
863118
863119
863120
863121
863122
863123
863124
863125
863126
863127
863128
863129
863130
863131
863132
863133
863134
863135
863136
863137
863138
863139
863140
863141
863142
863143
863144
863145
863146
863147
863148
863149
863150
863151
863152
863153
863154
863155
863156
863157
863158
863159
863160
863161
863162
863163
863164
863165
863166
863167
863168
863169
863170
863171
863172
863173
863174
863175
863176
863177
863178
863179
863180
863181
863182
863183
863184
863185
863186
863187
863188
863189
863190
863191
863192
863193
863194
863195
863196
863197
863198
863199
863200
863201
863202
863203
863204
863205
863206
863207
863208
863209
863210
863211
863212
863213
863214
863215
863216
863217
863218
863219
863220
863221
863223
863224
863225
863226
863227
863228
863229
863230
863231
863232
863233
863234
863235
863236
863237
863238
863239
863240
863241
863242
863243
863244
863245
863246
863247
863248
863249
863250
863251
863252
863253
863254
863255
863256
863257
863258
863259
863260
863261
863262
863263
863264
863265
863266
863267
863268
863269
863270
863271
863272
863273
863274
863275
863276
863277
863278
863279
863280
863281
863282
863283
863284
863285
863286
863287
863288
863289
863290
863291
863292
863293
863294
863295
863296
863297
863298
863299
863300
863301
863302
863303
863304
863305
863306
863307
863308
863309
863310
863311
863312
863313
863314
863315
863316
863317
863318
863319
863320
863321
863322
863323
863324
863325
863326
863327
863328
863329
863340
863341
863342
863343
863344
863345
863346
863347
863348
863349
863350
863351
863352
863353
863354
863355
863356
863357
863358
863359
863360
863361
863362
863363
863364
863365
863366
863367
863368
863369
863370
863371
863372
863373
863374
863375
863376
863377
863378
863379
863380
863381
