863382
863383
863384
863385
863386
863387
863388
863389
863390
863391
863392
863393
863394
863395
863396
863397
863398
863399
863400
863401
863402
863403
863404
863405
863406
863407
863408
863409
863410
863411
863412
863413
863414
863415
863416
863417
863418
863419
863420
863421
863422
863423
863424
863425
863426
863427
863428
863429
863430
863431
863432
863433
863434
863435
863436
863437
863438
863439
863440
863441
863442
863443
863445
863446
863447
863448
863449
863450
863451
863452
863453
863454
863455
863456
863457
863458
863459
863460
863461
863462
863463
863464
863465
863466
863467
863468
863469
863470
863471
863472
863473
863474
863475
863476
863477
863478
863479
863480
863481
863482
863483
863484
863485
863486
863487
863488
863489
863490
863491
863492
863493
863494
863495
863496
863497
863498
863499
863500
863501
863502
863503
863504
863505
863506
863507
863508
863509
863510
863511
863512
863513
863514
863515
863516
863517
863518
863519
863520
863521
863522
863523
863524
863525
863526
863527
863528
863529
863530
863531
863532
863533
863534
863535
863536
863537
863538
863539
863540
863541
863542
863543
863544
863545
863546
863547
863548
863549
863550
863551
863552
863553
863554
863556
863557
863558
863559
863560
863561
863562
863563
863564
863565
863566
863567
863568
863569
863570
863571
863572
863573
863574
863575
863576
863577
863578
863579
863580
863581
863582
863583
863584
863585
863586
863587
863588
863589
863590
863591
863592
863593
863594
863595
863596
863597
863598
863599
863600
863601
863602
863603
863604
863605
863606
863607
863608
863609
863610
863611
863612
863613
863614
863615
863616
863617
863618
863619
863620
863621
863622
863623
863624
863625
863626
863627
863628
863629
863630
863631
863632
863633
863634
863635
863636
863637
863638
863639
863640
863641
863642
863643
863644
863645
863646
863647
863648
863649
863650
863651
863652
863653
863654
863655
863656
863657
863658
863659
863660
863661
863662
863663
863664
863665
863667
863668
863669
863670
863671
863672
863673
863674
863675
863676
863677
863678
863679
863680
863681
863682
863683
863684
863685
863686
863687
863688
863689
863690
863691
863692
863693
863694
863695
863696
863697
863698
863699
863700
863701
863702
863703
863704
863705
863706
863707
863708
863709
863710
863711
863712
863713
863714
863715
863716
863717
863718
863719
863720
863721
863722
863723
863724
863725
863726
863727
863728
863729
863730
863731
863732
863733
863734
863735
863736
863737
863738
863739
863740
863741
863742
863743
863744
863745
863746
863747
863748
863749
863750
863751
863752
863753
863754
863755
863756
863757
863758
863759
863760
863761
863762
863763
863764
863765
863766
863767
863768
863769
863770
863771
863772
863773
863774
863775
863776
863778
863779
863780
863781
863782
863783
863784
863785
863786
863787
863788
863789
863790
863791
863792
863793
863794
863795
863796
863797
863798
863799
863800
863801
863802
863803
863804
863805
863806
863807
863808
863809
863810
863811
863812
863813
863814
863815
863816
863817
863818
863819
863820
863821
863822
863823
863824
863825
863826
863827
863828
863829
863830
863831
863832
863833
863834
863835
863836
863837
863838
863839
863840
863841
863842
863843
863844
863845
863846
863847
863848
863849
863850
863851
863852
863853
863854
863855
863856
863857
863858
863859
863860
863861
863862
863863
863864
863865
863866
863867
863868
863869
863870
863871
863872
863873
863874
863875
863876
863877
863878
863879
863880
863881
863882
863883
863884
863885
863886
863887
863889
863890
863891
863892
863893
863894
863895
863896
863897
863898
863899
863900
863901
863902
863903
863904
863905
863906
863907
863908
863909
863910
863911
863912
863913
863914
863915
863916
863917
863918
863919
863920
863921
863922
863923
863924
863925
863926
863927
863928
863929
863930
863931
863932
863933
863934
863935
863936
863937
863938
863939
863940
863941
863942
863943
863944
863945
863946
863947
863948
863949
863950
863951
863952
863953
863954
863955
863956
863957
863958
863959
863960
863961
863962
863963
863964
863965
863966
863967
863968
863969
863970
863971
863972
863973
863974
863975
863976
863977
863978
863979
863980
863981
863982
863983
863984
863985
863986
863987
863988
863989
863990
863991
863992
863993
863994
863995
863996
863997
863998
864001
864002
864003
864004
864005
864006
864007
864008
864009
864010
864011
864012
864013
864014
864015
864016
864017
864018
864019
864020
864021
864022
864023
864024
864025
864026
864027
864028
864029
864030
864031
864032
864033
864034
864035
864036
864037
864038
864039
864040
864041
864042
864043
864044
864045
864046
864047
864048
864049
864050
864051
864052
864053
864054
864055
864056
864057
864058
864059
864060
864061
864062
864063
864064
864065
864066
864067
864068
864069
864070
864071
864072
864073
864074
864075
864076
864077
864078
864079
864080
864081
864082
864083
864084
864085
864086
864087
864088
864089
864090
864091
864092
864093
864094
864095
864096
864097
864098
864099
864100
864101
864102
864103
864104
864105
864106
864107
864108
864109
864110
864112
864113
864114
864115
864116
864117
864118
864119
864120
864121
864122
864123
864124
864125
864126
864127
864128
864129
864130
864131
864132
864133
864134
864135
864136
864137
864138
864139
864140
864141
864142
864143
864144
864145
864146
864147
864148
864149
864150
864151
864152
864153
864154
864155
864156
864157
864158
864159
864160
864161
864162
864163
864164
864165
864166
864167
864168
864169
864170
864171
864172
864173
864174
864175
864176
864177
864178
864179
864180
864181
864182
864183
864184
864185
864186
864187
864188
864189
864190
864191
864192
864193
864194
864195
864196
864197
864198
864199
864200
864201
864202
864203
864204
864205
864206
864207
864208
864209
864210
864211
864212
864213
864214
864215
864216
864217
864218
864219
864220
864221
864223
864224
864225
864226
864227
864228
864229
864230
864231
864232
864233
864234
864235
864236
864237
864238
864239
864240
864241
864242
864243
864244
864245
864246
864247
864248
864249
864250
864251
864252
864253
864254
864255
864256
864257
864258
864259
864260
864261
864262
864263
864264
864265
864266
864267
864268
864269
864270
864271
864272
864273
864274
864275
864276
864277
864278
864279
864280
864281
864282
864283
864284
864285
864286
864287
864288
864289
864290
864291
864292
864293
864294
864295
864296
864297
864298
864299
864300
864301
864302
864303
864304
864305
864306
864307
864308
864309
864310
864311
864312
864313
864314
864315
864316
864317
864318
864319
864320
864321
864322
864323
864324
864325
864326
864327
864328
864329
864330
864331
864332
864334
864335
864336
864337
864338
864339
864340
864341
864342
864343
864344
864345
864346
864347
864348
864349
864350
864351
864352
864353
864354
864355
864356
864357
864358
864359
864360
864361
864362
864363
864364
864365
864366
864367
864368
864369
864370
864371
864372
864373
864374
864375
864376
864377
864378
864379
864380
864381
864382
864383
864384
864385
864386
864387
864388
864389
864390
864391
864392
864393
864394
864395
864396
864397
864398
864399
864400
864401
864402
864403
864404
864405
864406
864407
864408
864409
864410
864411
864412
864413
864414
864415
864416
864417
864418
864419
864420
864421
864422
864423
864424
864425
864426
864427
864428
864429
864430
864431
864432
864433
864434
864435
864436
864437
864438
864439
864450
864451
864452
864453
864454
864455
864456
864457
864458
864459
864460
864461
864462
864463
864464
864465
864466
864467
864468
864469
864470
864471
864472
864473
864474
864475
864476
864477
864478
864479
864480
864481
864482
864483
864484
864485
864486
864487
864488
864489
864490
864491
864492
864493
864494
864495
864496
864497
864498
864499
864500
864501
864502
864503
864504
864505
864506
864507
864508
864509
864510
864511
864512
864513
864514
864515
864516
864517
864518
864519
864520
864521
864522
864523
864524
864525
864526
864527
864528
864529
864530
864531
864532
864533
864534
864535
864536
864537
864538
864539
864540
864541
864542
864543
864544
