864545
864546
864547
864548
864549
864550
864551
864552
864553
864554
864556
864557
864558
864559
864560
864561
864562
864563
864564
864565
864566
864567
864568
864569
864570
864571
864572
864573
864574
864575
864576
864577
864578
864579
864580
864581
864582
864583
864584
864585
864586
864587
864588
864589
864590
864591
864592
864593
864594
864595
864596
864597
864598
864599
864600
864601
864602
864603
864604
864605
864606
864607
864608
864609
864610
864611
864612
864613
864614
864615
864616
864617
864618
864619
864620
864621
864622
864623
864624
864625
864626
864627
864628
864629
864630
864631
864632
864633
864634
864635
864636
864637
864638
864639
864640
864641
864642
864643
864644
864645
864646
864647
864648
864649
864650
864651
864652
864653
864654
864655
864656
864657
864658
864659
864660
864661
864662
864663
864664
864665
864667
864668
864669
864670
864671
864672
864673
864674
864675
864676
864677
864678
864679
864680
864681
864682
864683
864684
864685
864686
864687
864688
864689
864690
864691
864692
864693
864694
864695
864696
864697
864698
864699
864700
864701
864702
864703
864704
864705
864706
864707
864708
864709
864710
864711
864712
864713
864714
864715
864716
864717
864718
864719
864720
864721
864722
864723
864724
864725
864726
864727
864728
864729
864730
864731
864732
864733
864734
864735
864736
864737
864738
864739
864740
864741
864742
864743
864744
864745
864746
864747
864748
864749
864750
864751
864752
864753
864754
864755
864756
864757
864758
864759
864760
864761
864762
864763
864764
864765
864766
864767
864768
864769
864770
864771
864772
864773
864774
864775
864776
864778
864779
864780
864781
864782
864783
864784
864785
864786
864787
864788
864789
864790
864791
864792
864793
864794
864795
864796
864797
864798
864799
864800
864801
864802
864803
864804
864805
864806
864807
864808
864809
864810
864811
864812
864813
864814
864815
864816
864817
864818
864819
864820
864821
864822
864823
864824
864825
864826
864827
864828
864829
864830
864831
864832
864833
864834
864835
864836
864837
864838
864839
864840
864841
864842
864843
864844
864845
864846
864847
864848
864849
864850
864851
864852
864853
864854
864855
864856
864857
864858
864859
864860
864861
864862
864863
864864
864865
864866
864867
864868
864869
864870
864871
864872
864873
864874
864875
864876
864877
864878
864879
864880
864881
864882
864883
864884
864885
864886
864887
864889
864890
864891
864892
864893
864894
864895
864896
864897
864898
864899
864900
864901
864902
864903
864904
864905
864906
864907
864908
864909
864910
864911
864912
864913
864914
864915
864916
864917
864918
864919
864920
864921
864922
864923
864924
864925
864926
864927
864928
864929
864930
864931
864932
864933
864934
864935
864936
864937
864938
864939
864940
864941
864942
864943
864944
864945
864946
864947
864948
864949
864950
864951
864952
864953
864954
864955
864956
864957
864958
864959
864960
864961
864962
864963
864964
864965
864966
864967
864968
864969
864970
864971
864972
864973
864974
864975
864976
864977
864978
864979
864980
864981
864982
864983
864984
864985
864986
864987
864988
864989
864990
864991
864992
864993
864994
864995
864996
864997
864998
865001
865002
865003
865004
865005
865006
865007
865008
865009
865010
865011
865012
865013
865014
865015
865016
865017
865018
865019
865020
865021
865022
865023
865024
865025
865026
865027
865028
865029
865030
865031
865032
865033
865034
865035
865036
865037
865038
865039
865040
865041
865042
865043
865044
865045
865046
865047
865048
865049
865050
865051
865052
865053
865054
865055
865056
865057
865058
865059
865060
865061
865062
865063
865064
865065
865066
865067
865068
865069
865070
865071
865072
865073
865074
865075
865076
865077
865078
865079
865080
865081
865082
865083
865084
865085
865086
865087
865088
865089
865090
865091
865092
865093
865094
865095
865096
865097
865098
865099
865100
865101
865102
865103
865104
865105
865106
865107
865108
865109
865110
865112
865113
865114
865115
865116
865117
865118
865119
865120
865121
865122
865123
865124
865125
865126
865127
865128
865129
865130
865131
865132
865133
865134
865135
865136
865137
865138
865139
865140
865141
865142
865143
865144
865145
865146
865147
865148
865149
865150
865151
865152
865153
865154
865155
865156
865157
865158
865159
865160
865161
865162
865163
865164
865165
865166
865167
865168
865169
865170
865171
865172
865173
865174
865175
865176
865177
865178
865179
865180
865181
865182
865183
865184
865185
865186
865187
865188
865189
865190
865191
865192
865193
865194
865195
865196
865197
865198
865199
865200
865201
865202
865203
865204
865205
865206
865207
865208
865209
865210
865211
865212
865213
865214
865215
865216
865217
865218
865219
865220
865221
865223
865224
865225
865226
865227
865228
865229
865230
865231
865232
865233
865234
865235
865236
865237
865238
865239
865240
865241
865242
865243
865244
865245
865246
865247
865248
865249
865250
865251
865252
865253
865254
865255
865256
865257
865258
865259
865260
865261
865262
865263
865264
865265
865266
865267
865268
865269
865270
865271
865272
865273
865274
865275
865276
865277
865278
865279
865280
865281
865282
865283
865284
865285
865286
865287
865288
865289
865290
865291
865292
865293
865294
865295
865296
865297
865298
865299
865300
865301
865302
865303
865304
865305
865306
865307
865308
865309
865310
865311
865312
865313
865314
865315
865316
865317
865318
865319
865320
865321
865322
865323
865324
865325
865326
865327
865328
865329
865330
865331
865332
865334
865335
865336
865337
865338
865339
865340
865341
865342
865343
865344
865345
865346
865347
865348
865349
865350
865351
865352
865353
865354
865355
865356
865357
865358
865359
865360
865361
865362
865363
865364
865365
865366
865367
865368
865369
865370
865371
865372
865373
865374
865375
865376
865377
865378
865379
865380
865381
865382
865383
865384
865385
865386
865387
865388
865389
865390
865391
865392
865393
865394
865395
865396
865397
865398
865399
865400
865401
865402
865403
865404
865405
865406
865407
865408
865409
865410
865411
865412
865413
865414
865415
865416
865417
865418
865419
865420
865421
865422
865423
865424
865425
865426
865427
865428
865429
865430
865431
865432
865433
865434
865435
865436
865437
865438
865439
865440
865441
865442
865443
865445
865446
865447
865448
865449
865450
865451
865452
865453
865454
865455
865456
865457
865458
865459
865460
865461
865462
865463
865464
865465
865466
865467
865468
865469
865470
865471
865472
865473
865474
865475
865476
865477
865478
865479
865480
865481
865482
865483
865484
865485
865486
865487
865488
865489
865490
865491
865492
865493
865494
865495
865496
865497
865498
865499
865500
865501
865502
865503
865504
865505
865506
865507
865508
865509
865510
865511
865512
865513
865514
865515
865516
865517
865518
865519
865520
865521
865522
865523
865524
865525
865526
865527
865528
865529
865530
865531
865532
865533
865534
865535
865536
865537
865538
865539
865540
865541
865542
865543
865544
865545
865546
865547
865548
865549
865560
865561
865562
865563
865564
865565
865566
865567
865568
865569
865570
865571
865572
865573
865574
865575
865576
865577
865578
865579
865580
865581
865582
865583
865584
865585
865586
865587
865588
865589
865590
865591
865592
865593
865594
865595
865596
865597
865598
865599
865600
865601
865602
865603
865604
865605
865606
865607
865608
865609
865610
865611
865612
865613
865614
865615
865616
865617
865618
865619
865620
865621
865622
865623
865624
865625
865626
865627
865628
865629
865630
865631
865632
865633
865634
865635
865636
865637
865638
865639
865640
865641
865642
865643
865644
865645
865646
865647
865648
865649
865650
865651
865652
865653
865654
865655
865656
865657
865658
865659
865660
865661
865662
865663
865664
865665
865667
865668
865669
865670
865671
865672
865673
865674
865675
865676
865677
865678
865679
865680
865681
865682
865683
865684
865685
865686
865687
865688
865689
865690
865691
865692
865693
865694
865695
865696
865697
865698
865699
865700
865701
865702
865703
865704
865705
865706
865707
865708
