865709
865710
865711
865712
865713
865714
865715
865716
865717
865718
865719
865720
865721
865722
865723
865724
865725
865726
865727
865728
865729
865730
865731
865732
865733
865734
865735
865736
865737
865738
865739
865740
865741
865742
865743
865744
865745
865746
865747
865748
865749
865750
865751
865752
865753
865754
865755
865756
865757
865758
865759
865760
865761
865762
865763
865764
865765
865766
865767
865768
865769
865770
865771
865772
865773
865774
865775
865776
865778
865779
865780
865781
865782
865783
865784
865785
865786
865787
865788
865789
865790
865791
865792
865793
865794
865795
865796
865797
865798
865799
865800
865801
865802
865803
865804
865805
865806
865807
865808
865809
865810
865811
865812
865813
865814
865815
865816
865817
865818
865819
865820
865821
865822
865823
865824
865825
865826
865827
865828
865829
865830
865831
865832
865833
865834
865835
865836
865837
865838
865839
865840
865841
865842
865843
865844
865845
865846
865847
865848
865849
865850
865851
865852
865853
865854
865855
865856
865857
865858
865859
865860
865861
865862
865863
865864
865865
865866
865867
865868
865869
865870
865871
865872
865873
865874
865875
865876
865877
865878
865879
865880
865881
865882
865883
865884
865885
865886
865887
865889
865890
865891
865892
865893
865894
865895
865896
865897
865898
865899
865900
865901
865902
865903
865904
865905
865906
865907
865908
865909
865910
865911
865912
865913
865914
865915
865916
865917
865918
865919
865920
865921
865922
865923
865924
865925
865926
865927
865928
865929
865930
865931
865932
865933
865934
865935
865936
865937
865938
865939
865940
865941
865942
865943
865944
865945
865946
865947
865948
865949
865950
865951
865952
865953
865954
865955
865956
865957
865958
865959
865960
865961
865962
865963
865964
865965
865966
865967
865968
865969
865970
865971
865972
865973
865974
865975
865976
865977
865978
865979
865980
865981
865982
865983
865984
865985
865986
865987
865988
865989
865990
865991
865992
865993
865994
865995
865996
865997
865998
866001
866002
866003
866004
866005
866006
866007
866008
866009
866010
866011
866012
866013
866014
866015
866016
866017
866018
866019
866020
866021
866022
866023
866024
866025
866026
866027
866028
866029
866030
866031
866032
866033
866034
866035
866036
866037
866038
866039
866040
866041
866042
866043
866044
866045
866046
866047
866048
866049
866050
866051
866052
866053
866054
866055
866056
866057
866058
866059
866060
866061
866062
866063
866064
866065
866066
866067
866068
866069
866070
866071
866072
866073
866074
866075
866076
866077
866078
866079
866080
866081
866082
866083
866084
866085
866086
866087
866088
866089
866090
866091
866092
866093
866094
866095
866096
866097
866098
866099
866100
866101
866102
866103
866104
866105
866106
866107
866108
866109
866110
866112
866113
866114
866115
866116
866117
866118
866119
866120
866121
866122
866123
866124
866125
866126
866127
866128
866129
866130
866131
866132
866133
866134
866135
866136
866137
866138
866139
866140
866141
866142
866143
866144
866145
866146
866147
866148
866149
866150
866151
866152
866153
866154
866155
866156
866157
866158
866159
866160
866161
866162
866163
866164
866165
866166
866167
866168
866169
866170
866171
866172
866173
866174
866175
866176
866177
866178
866179
866180
866181
866182
866183
866184
866185
866186
866187
866188
866189
866190
866191
866192
866193
866194
866195
866196
866197
866198
866199
866200
866201
866202
866203
866204
866205
866206
866207
866208
866209
866210
866211
866212
866213
866214
866215
866216
866217
866218
866219
866220
866221
866223
866224
866225
866226
866227
866228
866229
866230
866231
866232
866233
866234
866235
866236
866237
866238
866239
866240
866241
866242
866243
866244
866245
866246
866247
866248
866249
866250
866251
866252
866253
866254
866255
866256
866257
866258
866259
866260
866261
866262
866263
866264
866265
866266
866267
866268
866269
866270
866271
866272
866273
866274
866275
866276
866277
866278
866279
866280
866281
866282
866283
866284
866285
866286
866287
866288
866289
866290
866291
866292
866293
866294
866295
866296
866297
866298
866299
866300
866301
866302
866303
866304
866305
866306
866307
866308
866309
866310
866311
866312
866313
866314
866315
866316
866317
866318
866319
866320
866321
866322
866323
866324
866325
866326
866327
866328
866329
866330
866331
866332
866334
866335
866336
866337
866338
866339
866340
866341
866342
866343
866344
866345
866346
866347
866348
866349
866350
866351
866352
866353
866354
866355
866356
866357
866358
866359
866360
866361
866362
866363
866364
866365
866366
866367
866368
866369
866370
866371
866372
866373
866374
866375
866376
866377
866378
866379
866380
866381
866382
866383
866384
866385
866386
866387
866388
866389
866390
866391
866392
866393
866394
866395
866396
866397
866398
866399
866400
866401
866402
866403
866404
866405
866406
866407
866408
866409
866410
866411
866412
866413
866414
866415
866416
866417
866418
866419
866420
866421
866422
866423
866424
866425
866426
866427
866428
866429
866430
866431
866432
866433
866434
866435
866436
866437
866438
866439
866440
866441
866442
866443
866445
866446
866447
866448
866449
866450
866451
866452
866453
866454
866455
866456
866457
866458
866459
866460
866461
866462
866463
866464
866465
866466
866467
866468
866469
866470
866471
866472
866473
866474
866475
866476
866477
866478
866479
866480
866481
866482
866483
866484
866485
866486
866487
866488
866489
866490
866491
866492
866493
866494
866495
866496
866497
866498
866499
866500
866501
866502
866503
866504
866505
866506
866507
866508
866509
866510
866511
866512
866513
866514
866515
866516
866517
866518
866519
866520
866521
866522
866523
866524
866525
866526
866527
866528
866529
866530
866531
866532
866533
866534
866535
866536
866537
866538
866539
866540
866541
866542
866543
866544
866545
866546
866547
866548
866549
866550
866551
866552
866553
866554
866556
866557
866558
866559
866560
866561
866562
866563
866564
866565
866566
866567
866568
866569
866570
866571
866572
866573
866574
866575
866576
866577
866578
866579
866580
866581
866582
866583
866584
866585
866586
866587
866588
866589
866590
866591
866592
866593
866594
866595
866596
866597
866598
866599
866700
866701
866702
866703
866704
866705
866706
866707
866708
866709
866710
866711
866712
866713
866714
866715
866716
866717
866718
866719
866720
866721
866722
866723
866724
866725
866726
866727
866728
866729
866730
866731
866732
866733
866734
866735
866736
866737
866738
866739
866740
866741
866742
866743
866744
866745
866746
866747
866748
866749
866750
866751
866752
866753
866754
866755
866756
866757
866758
866759
866760
866761
866762
866763
866764
866765
866766
866767
866768
866769
866770
866771
866772
866773
866774
866775
866776
866778
866779
866780
866781
866782
866783
866784
866785
866786
866787
866788
866789
866790
866791
866792
866793
866794
866795
866796
866797
866798
866799
866800
866801
866802
866803
866804
866805
866806
866807
866808
866809
866810
866811
866812
866813
866814
866815
866816
866817
866818
866819
866820
866821
866822
866823
866824
866825
866826
866827
866828
866829
866830
866831
866832
866833
866834
866835
866836
866837
866838
866839
866840
866841
866842
866843
866844
866845
866846
866847
866848
866849
866850
866851
866852
866853
866854
866855
866856
866857
866858
866859
866860
866861
866862
866863
866864
866865
866866
866867
866868
866869
866870
866871
866872
866873
866874
866875
866876
866877
866878
866879
866880
866881
866882
866883
866884
866885
866886
866887
866889
866890
866891
866892
866893
866894
866895
866896
866897
866898
866899
866900
866901
866902
866903
866904
866905
866906
866907
866908
866909
866910
866911
866912
866913
866914
866915
866916
866917
866918
866919
866920
866921
866922
866923
866924
866925
866926
866927
866928
866929
866930
866931
866932
866933
866934
866935
866936
866937
866938
866939
866940
866941
866942
866943
866944
866945
866946
866947
866948
866949
866950
866951
866952
866953
866954
866955
866956
866957
866958
866959
866960
866961
866962
