949001
949002
949003
949004
949005
949006
949007
949008
949009
949010
949011
949012
949013
949014
949015
949016
949017
949018
949019
949020
949021
949022
949023
949024
949025
949026
949027
949028
949029
949030
949031
949032
949033
949034
949035
949036
949037
949038
949039
949040
949041
949042
949043
949044
949045
949046
949047
949048
949049
949050
949051
949052
949053
949054
949055
949056
949057
949058
949059
949060
949061
949062
949063
949064
949065
949066
949067
949068
949069
949070
949071
949072
949073
949074
949075
949076
949077
949078
949079
949080
949081
949082
949083
949084
949085
949086
949087
949088
949089
949090
949091
949092
949093
949094
949095
949096
949097
949098
949099
949100
949101
949102
949103
949104
949105
949106
949107
949108
949109
949110
949112
949113
949114
949115
949116
949117
949118
949119
949120
949121
949122
949123
949124
949125
949126
949127
949128
949129
949130
949131
949132
949133
949134
949135
949136
949137
949138
949139
949140
949141
949142
949143
949144
949145
949146
949147
949148
949149
949150
949151
949152
949153
949154
949155
949156
949157
949158
949159
949160
949161
949162
949163
949164
949165
949166
949167
949168
949169
949170
949171
949172
949173
949174
949175
949176
949177
949178
949179
949180
949181
949182
949183
949184
949185
949186
949187
949188
949189
949190
949191
949192
949193
949194
949195
949196
949197
949198
949199
949200
949201
949202
949203
949204
949205
949206
949207
949208
949209
949210
949211
949212
949213
949214
949215
949216
949217
949218
949219
949220
949221
949223
949224
949225
949226
949227
949228
949229
949230
949231
949232
949233
949234
949235
949236
949237
949238
949239
949240
949241
949242
949243
949244
949245
949246
949247
949248
949249
949250
949251
949252
949253
949254
949255
949256
949257
949258
949259
949260
949261
949262
949263
949264
949265
949266
949267
949268
949269
949270
949271
949272
949273
949274
949275
949276
949277
949278
949279
949280
949281
949282
949283
949284
949285
949286
949287
949288
949289
949290
949291
949292
949293
949294
949295
949296
949297
949298
949299
949300
949301
949302
949303
949304
949305
949306
949307
949308
949309
949310
949311
949312
949313
949314
949315
949316
949317
949318
949319
949320
949321
949322
949323
949324
949325
949326
949327
949328
949329
949330
949331
949332
949334
949335
949336
949337
949338
949339
949340
949341
949342
949343
949344
949345
949346
949347
949348
949349
949350
949351
949352
949353
949354
949355
949356
949357
949358
949359
949360
949361
949362
949363
949364
949365
949366
949367
949368
949369
949370
949371
949372
949373
949374
949375
949376
949377
949378
949379
949380
949381
949382
949383
949384
949385
949386
949387
949388
949389
949390
949391
949392
949393
949394
949395
949396
949397
949398
949399
949400
949401
949402
949403
949404
949405
949406
949407
949408
949409
949410
949411
949412
949413
949414
949415
949416
949417
949418
949419
949420
949421
949422
949423
949424
949425
949426
949427
949428
949429
949430
949431
949432
949433
949434
949435
949436
949437
949438
949439
949440
949441
949442
949443
949445
949446
949447
949448
949449
949450
949451
949452
949453
949454
949455
949456
949457
949458
949459
949460
949461
949462
949463
949464
949465
949466
949467
949468
949469
949470
949471
949472
949473
949474
949475
949476
949477
949478
949479
949480
949481
949482
949483
949484
949485
949486
949487
949488
949489
949490
949491
949492
949493
949494
949495
949496
949497
949498
949499
949500
949501
949502
949503
949504
949505
949506
949507
949508
949509
949510
949511
949512
949513
949514
949515
949516
949517
949518
949519
949520
949521
949522
949523
949524
949525
949526
949527
949528
949529
949530
949531
949532
949533
949534
949535
949536
949537
949538
949539
949540
949541
949542
949543
949544
949545
949546
949547
949548
949549
949550
949551
949552
949553
949554
949556
949557
949558
949559
949560
949561
949562
949563
949564
949565
949566
949567
949568
949569
949570
949571
949572
949573
949574
949575
949576
949577
949578
949579
949580
949581
949582
949583
949584
949585
949586
949587
949588
949589
949590
949591
949592
949593
949594
949595
949596
949597
949598
949599
949600
949601
949602
949603
949604
949605
949606
949607
949608
949609
949610
949611
949612
949613
949614
949615
949616
949617
949618
949619
949620
949621
949622
949623
949624
949625
949626
949627
949628
949629
949630
949631
949632
949633
949634
949635
949636
949637
949638
949639
949640
949641
949642
949643
949644
949645
949646
949647
949648
949649
949650
949651
949652
949653
949654
949655
949656
949657
949658
949659
949660
949661
949662
949663
949664
949665
949667
949668
949669
949670
949671
949672
949673
949674
949675
949676
949677
949678
949679
949680
949681
949682
949683
949684
949685
949686
949687
949688
949689
949690
949691
949692
949693
949694
949695
949696
949697
949698
949699
949700
949701
949702
949703
949704
949705
949706
949707
949708
949709
949710
949711
949712
949713
949714
949715
949716
949717
949718
949719
949720
949721
949722
949723
949724
949725
949726
949727
949728
949729
949730
949731
949732
949733
949734
949735
949736
949737
949738
949739
949740
949741
949742
949743
949744
949745
949746
949747
949748
949749
949750
949751
949752
949753
949754
949755
949756
949757
949758
949759
949760
949761
949762
949763
949764
949765
949766
949767
949768
949769
949770
949771
949772
949773
949774
949775
949776
949778
949779
949780
949781
949782
949783
949784
949785
949786
949787
949788
949789
949790
949791
949792
949793
949794
949795
949796
949797
949798
949799
949800
949801
949802
949803
949804
949805
949806
949807
949808
949809
949810
949811
949812
949813
949814
949815
949816
949817
949818
949819
949820
949821
949822
949823
949824
949825
949826
949827
949828
949829
949830
949831
949832
949833
949834
949835
949836
949837
949838
949839
949840
949841
949842
949843
949844
949845
949846
949847
949848
949849
949850
949851
949852
949853
949854
949855
949856
949857
949858
949859
949860
949861
949862
949863
949864
949865
949866
949867
949868
949869
949870
949871
949872
949873
949874
949875
949876
949877
949878
949879
949880
949881
949882
949883
949884
949885
949886
949887
949889
949890
949891
949892
949893
949894
949895
949896
949897
949898
949899
949900
949901
949902
949903
949904
949905
949906
949907
949908
949909
949910
949911
949912
949913
949914
949915
949916
949917
949918
949919
949920
949921
949922
949923
949924
949925
949926
949927
949928
949929
949930
949931
949932
949933
949934
949935
949936
949937
949938
949939
949940
949941
949942
949943
949944
949945
949946
949947
949948
949949
949950
949951
949952
949953
949954
949955
949956
949957
949958
949959
949960
949961
949962
949963
949964
949965
949966
949967
949968
949969
949970
949971
949972
949973
949974
949975
949976
949977
949978
949979
949980
949981
949982
949983
949984
949985
949986
949987
949988
949989
950010
950011
950012
950013
950014
950015
950016
950017
950018
950019
950020
950021
950022
950023
950024
950025
950026
950027
950028
950029
950030
950031
950032
950033
950034
950035
950036
950037
950038
950039
950040
950041
950042
950043
950044
950045
950046
950047
950048
950049
950050
950051
950052
950053
950054
950055
950056
950057
950058
950059
950060
950061
950062
950063
950064
950065
950066
950067
950068
950069
950070
950071
950072
950073
950074
950075
950076
950077
950078
950079
950080
950081
950082
950083
950084
950085
950086
950087
950088
950089
950090
950091
950092
950093
950094
950095
950096
950097
950098
950099
950100
950101
950102
950103
950104
950105
950106
950107
950108
950109
950110
950112
950113
950114
950115
950116
950117
950118
950119
950120
950121
950122
950123
950124
950125
950126
950127
950128
950129
950130
950131
950132
950133
950134
950135
950136
950137
950138
950139
950140
950141
950142
950143
950144
950145
950146
950147
950148
950149
950150
950151
950152
950153
950154
950155
950156
950157
950158
950159
950160
950161
950162
950163
950164
950165
950166
950167
950168
950169
950170
950171
950172
