866963
866964
866965
866966
866967
866968
866969
866970
866971
866972
866973
866974
866975
866976
866977
866978
866979
866980
866981
866982
866983
866984
866985
866986
866987
866988
866989
866990
866991
866992
866993
866994
866995
866996
866997
866998
867001
867002
867003
867004
867005
867006
867007
867008
867009
867010
867011
867012
867013
867014
867015
867016
867017
867018
867019
867020
867021
867022
867023
867024
867025
867026
867027
867028
867029
867030
867031
867032
867033
867034
867035
867036
867037
867038
867039
867040
867041
867042
867043
867044
867045
867046
867047
867048
867049
867050
867051
867052
867053
867054
867055
867056
867057
867058
867059
867060
867061
867062
867063
867064
867065
867066
867067
867068
867069
867070
867071
867072
867073
867074
867075
867076
867077
867078
867079
867080
867081
867082
867083
867084
867085
867086
867087
867088
867089
867090
867091
867092
867093
867094
867095
867096
867097
867098
867099
867100
867101
867102
867103
867104
867105
867106
867107
867108
867109
867110
867112
867113
867114
867115
867116
867117
867118
867119
867120
867121
867122
867123
867124
867125
867126
867127
867128
867129
867130
867131
867132
867133
867134
867135
867136
867137
867138
867139
867140
867141
867142
867143
867144
867145
867146
867147
867148
867149
867150
867151
867152
867153
867154
867155
867156
867157
867158
867159
867160
867161
867162
867163
867164
867165
867166
867167
867168
867169
867170
867171
867172
867173
867174
867175
867176
867177
867178
867179
867180
867181
867182
867183
867184
867185
867186
867187
867188
867189
867190
867191
867192
867193
867194
867195
867196
867197
867198
867199
867200
867201
867202
867203
867204
867205
867206
867207
867208
867209
867210
867211
867212
867213
867214
867215
867216
867217
867218
867219
867220
867221
867223
867224
867225
867226
867227
867228
867229
867230
867231
867232
867233
867234
867235
867236
867237
867238
867239
867240
867241
867242
867243
867244
867245
867246
867247
867248
867249
867250
867251
867252
867253
867254
867255
867256
867257
867258
867259
867260
867261
867262
867263
867264
867265
867266
867267
867268
867269
867270
867271
867272
867273
867274
867275
867276
867277
867278
867279
867280
867281
867282
867283
867284
867285
867286
867287
867288
867289
867290
867291
867292
867293
867294
867295
867296
867297
867298
867299
867300
867301
867302
867303
867304
867305
867306
867307
867308
867309
867310
867311
867312
867313
867314
867315
867316
867317
867318
867319
867320
867321
867322
867323
867324
867325
867326
867327
867328
867329
867330
867331
867332
867334
867335
867336
867337
867338
867339
867340
867341
867342
867343
867344
867345
867346
867347
867348
867349
867350
867351
867352
867353
867354
867355
867356
867357
867358
867359
867360
867361
867362
867363
867364
867365
867366
867367
867368
867369
867370
867371
867372
867373
867374
867375
867376
867377
867378
867379
867380
867381
867382
867383
867384
867385
867386
867387
867388
867389
867390
867391
867392
867393
867394
867395
867396
867397
867398
867399
867400
867401
867402
867403
867404
867405
867406
867407
867408
867409
867410
867411
867412
867413
867414
867415
867416
867417
867418
867419
867420
867421
867422
867423
867424
867425
867426
867427
867428
867429
867430
867431
867432
867433
867434
867435
867436
867437
867438
867439
867440
867441
867442
867443
867445
867446
867447
867448
867449
867450
867451
867452
867453
867454
867455
867456
867457
867458
867459
867460
867461
867462
867463
867464
867465
867466
867467
867468
867469
867470
867471
867472
867473
867474
867475
867476
867477
867478
867479
867480
867481
867482
867483
867484
867485
867486
867487
867488
867489
867490
867491
867492
867493
867494
867495
867496
867497
867498
867499
867500
867501
867502
867503
867504
867505
867506
867507
867508
867509
867510
867511
867512
867513
867514
867515
867516
867517
867518
867519
867520
867521
867522
867523
867524
867525
867526
867527
867528
867529
867530
867531
867532
867533
867534
867535
867536
867537
867538
867539
867540
867541
867542
867543
867544
867545
867546
867547
867548
867549
867550
867551
867552
867553
867554
867556
867557
867558
867559
867560
867561
867562
867563
867564
867565
867566
867567
867568
867569
867570
867571
867572
867573
867574
867575
867576
867577
867578
867579
867580
867581
867582
867583
867584
867585
867586
867587
867588
867589
867590
867591
867592
867593
867594
867595
867596
867597
867598
867599
867600
867601
867602
867603
867604
867605
867606
867607
867608
867609
867610
867611
867612
867613
867614
867615
867616
867617
867618
867619
867620
867621
867622
867623
867624
867625
867626
867627
867628
867629
867630
867631
867632
867633
867634
867635
867636
867637
867638
867639
867640
867641
867642
867643
867644
867645
867646
867647
867648
867649
867650
867651
867652
867653
867654
867655
867656
867657
867658
867659
867660
867661
867662
867663
867664
867665
867667
867668
867669
867670
867671
867672
867673
867674
867675
867676
867677
867678
867679
867680
867681
867682
867683
867684
867685
867686
867687
867688
867689
867690
867691
867692
867693
867694
867695
867696
867697
867698
867699
867700
867701
867702
867703
867704
867705
867706
867707
867708
867709
867710
867711
867712
867713
867714
867715
867716
867717
867718
867719
867720
867721
867722
867723
867724
867725
867726
867727
867728
867729
867730
867731
867732
867733
867734
867735
867736
867737
867738
867739
867740
867741
867742
867743
867744
867745
867746
867747
867748
867749
867750
867751
867752
867753
867754
867755
867756
867757
867758
867759
867760
867761
867762
867763
867764
867765
867766
867767
867768
867769
867780
867781
867782
867783
867784
867785
867786
867787
867788
867789
867790
867791
867792
867793
867794
867795
867796
867797
867798
867799
867800
867801
867802
867803
867804
867805
867806
867807
867808
867809
867810
867811
867812
867813
867814
867815
867816
867817
867818
867819
867820
867821
867822
867823
867824
867825
867826
867827
867828
867829
867830
867831
867832
867833
867834
867835
867836
867837
867838
867839
867840
867841
867842
867843
867844
867845
867846
867847
867848
867849
867850
867851
867852
867853
867854
867855
867856
867857
867858
867859
867860
867861
867862
867863
867864
867865
867866
867867
867868
867869
867870
867871
867872
867873
867874
867875
867876
867877
867878
867879
867880
867881
867882
867883
867884
867885
867886
867887
867889
867890
867891
867892
867893
867894
867895
867896
867897
867898
867899
867900
867901
867902
867903
867904
867905
867906
867907
867908
867909
867910
867911
867912
867913
867914
867915
867916
867917
867918
867919
867920
867921
867922
867923
867924
867925
867926
867927
867928
867929
867930
867931
867932
867933
867934
867935
867936
867937
867938
867939
867940
867941
867942
867943
867944
867945
867946
867947
867948
867949
867950
867951
867952
867953
867954
867955
867956
867957
867958
867959
867960
867961
867962
867963
867964
867965
867966
867967
867968
867969
867970
867971
867972
867973
867974
867975
867976
867977
867978
867979
867980
867981
867982
867983
867984
867985
867986
867987
867988
867989
867990
867991
867992
867993
867994
867995
867996
867997
867998
868001
868002
868003
868004
868005
868006
868007
868008
868009
868010
868011
868012
868013
868014
868015
868016
868017
868018
868019
868020
868021
868022
868023
868024
868025
868026
868027
868028
868029
868030
868031
868032
868033
868034
868035
868036
868037
868038
868039
868040
868041
868042
868043
868044
868045
868046
868047
868048
868049
868050
868051
868052
868053
868054
868055
868056
868057
868058
868059
868060
868061
868062
868063
868064
868065
868066
868067
868068
868069
868070
868071
868072
868073
868074
868075
868076
868077
868078
868079
868080
868081
868082
868083
868084
868085
868086
868087
868088
868089
868090
868091
868092
868093
868094
868095
868096
868097
868098
868099
868100
868101
868102
868103
868104
868105
868106
868107
868108
868109
868110
868112
868113
868114
868115
868116
868117
868118
868119
868120
868121
868122
868123
868124
868125
868126
868127
