868128
868129
868130
868131
868132
868133
868134
868135
868136
868137
868138
868139
868140
868141
868142
868143
868144
868145
868146
868147
868148
868149
868150
868151
868152
868153
868154
868155
868156
868157
868158
868159
868160
868161
868162
868163
868164
868165
868166
868167
868168
868169
868170
868171
868172
868173
868174
868175
868176
868177
868178
868179
868180
868181
868182
868183
868184
868185
868186
868187
868188
868189
868190
868191
868192
868193
868194
868195
868196
868197
868198
868199
868200
868201
868202
868203
868204
868205
868206
868207
868208
868209
868210
868211
868212
868213
868214
868215
868216
868217
868218
868219
868220
868221
868223
868224
868225
868226
868227
868228
868229
868230
868231
868232
868233
868234
868235
868236
868237
868238
868239
868240
868241
868242
868243
868244
868245
868246
868247
868248
868249
868250
868251
868252
868253
868254
868255
868256
868257
868258
868259
868260
868261
868262
868263
868264
868265
868266
868267
868268
868269
868270
868271
868272
868273
868274
868275
868276
868277
868278
868279
868280
868281
868282
868283
868284
868285
868286
868287
868288
868289
868290
868291
868292
868293
868294
868295
868296
868297
868298
868299
868300
868301
868302
868303
868304
868305
868306
868307
868308
868309
868310
868311
868312
868313
868314
868315
868316
868317
868318
868319
868320
868321
868322
868323
868324
868325
868326
868327
868328
868329
868330
868331
868332
868334
868335
868336
868337
868338
868339
868340
868341
868342
868343
868344
868345
868346
868347
868348
868349
868350
868351
868352
868353
868354
868355
868356
868357
868358
868359
868360
868361
868362
868363
868364
868365
868366
868367
868368
868369
868370
868371
868372
868373
868374
868375
868376
868377
868378
868379
868380
868381
868382
868383
868384
868385
868386
868387
868388
868389
868390
868391
868392
868393
868394
868395
868396
868397
868398
868399
868400
868401
868402
868403
868404
868405
868406
868407
868408
868409
868410
868411
868412
868413
868414
868415
868416
868417
868418
868419
868420
868421
868422
868423
868424
868425
868426
868427
868428
868429
868430
868431
868432
868433
868434
868435
868436
868437
868438
868439
868440
868441
868442
868443
868445
868446
868447
868448
868449
868450
868451
868452
868453
868454
868455
868456
868457
868458
868459
868460
868461
868462
868463
868464
868465
868466
868467
868468
868469
868470
868471
868472
868473
868474
868475
868476
868477
868478
868479
868480
868481
868482
868483
868484
868485
868486
868487
868488
868489
868490
868491
868492
868493
868494
868495
868496
868497
868498
868499
868500
868501
868502
868503
868504
868505
868506
868507
868508
868509
868510
868511
868512
868513
868514
868515
868516
868517
868518
868519
868520
868521
868522
868523
868524
868525
868526
868527
868528
868529
868530
868531
868532
868533
868534
868535
868536
868537
868538
868539
868540
868541
868542
868543
868544
868545
868546
868547
868548
868549
868550
868551
868552
868553
868554
868556
868557
868558
868559
868560
868561
868562
868563
868564
868565
868566
868567
868568
868569
868570
868571
868572
868573
868574
868575
868576
868577
868578
868579
868580
868581
868582
868583
868584
868585
868586
868587
868588
868589
868590
868591
868592
868593
868594
868595
868596
868597
868598
868599
868600
868601
868602
868603
868604
868605
868606
868607
868608
868609
868610
868611
868612
868613
868614
868615
868616
868617
868618
868619
868620
868621
868622
868623
868624
868625
868626
868627
868628
868629
868630
868631
868632
868633
868634
868635
868636
868637
868638
868639
868640
868641
868642
868643
868644
868645
868646
868647
868648
868649
868650
868651
868652
868653
868654
868655
868656
868657
868658
868659
868660
868661
868662
868663
868664
868665
868667
868668
868669
868670
868671
868672
868673
868674
868675
868676
868677
868678
868679
868680
868681
868682
868683
868684
868685
868686
868687
868688
868689
868690
868691
868692
868693
868694
868695
868696
868697
868698
868699
868700
868701
868702
868703
868704
868705
868706
868707
868708
868709
868710
868711
868712
868713
868714
868715
868716
868717
868718
868719
868720
868721
868722
868723
868724
868725
868726
868727
868728
868729
868730
868731
868732
868733
868734
868735
868736
868737
868738
868739
868740
868741
868742
868743
868744
868745
868746
868747
868748
868749
868750
868751
868752
868753
868754
868755
868756
868757
868758
868759
868760
868761
868762
868763
868764
868765
868766
868767
868768
868769
868770
868771
868772
868773
868774
868775
868776
868778
868779
868780
868781
868782
868783
868784
868785
868786
868787
868788
868789
868790
868791
868792
868793
868794
868795
868796
868797
868798
868799
868800
868801
868802
868803
868804
868805
868806
868807
868808
868809
868810
868811
868812
868813
868814
868815
868816
868817
868818
868819
868820
868821
868822
868823
868824
868825
868826
868827
868828
868829
868830
868831
868832
868833
868834
868835
868836
868837
868838
868839
868840
868841
868842
868843
868844
868845
868846
868847
868848
868849
868850
868851
868852
868853
868854
868855
868856
868857
868858
868859
868860
868861
868862
868863
868864
868865
868866
868867
868868
868869
868870
868871
868872
868873
868874
868875
868876
868877
868878
868879
868890
868891
868892
868893
868894
868895
868896
868897
868898
868899
868900
868901
868902
868903
868904
868905
868906
868907
868908
868909
868910
868911
868912
868913
868914
868915
868916
868917
868918
868919
868920
868921
868922
868923
868924
868925
868926
868927
868928
868929
868930
868931
868932
868933
868934
868935
868936
868937
868938
868939
868940
868941
868942
868943
868944
868945
868946
868947
868948
868949
868950
868951
868952
868953
868954
868955
868956
868957
868958
868959
868960
868961
868962
868963
868964
868965
868966
868967
868968
868969
868970
868971
868972
868973
868974
868975
868976
868977
868978
868979
868980
868981
868982
868983
868984
868985
868986
868987
868988
868989
868990
868991
868992
868993
868994
868995
868996
868997
868998
869001
869002
869003
869004
869005
869006
869007
869008
869009
869010
869011
869012
869013
869014
869015
869016
869017
869018
869019
869020
869021
869022
869023
869024
869025
869026
869027
869028
869029
869030
869031
869032
869033
869034
869035
869036
869037
869038
869039
869040
869041
869042
869043
869044
869045
869046
869047
869048
869049
869050
869051
869052
869053
869054
869055
869056
869057
869058
869059
869060
869061
869062
869063
869064
869065
869066
869067
869068
869069
869070
869071
869072
869073
869074
869075
869076
869077
869078
869079
869080
869081
869082
869083
869084
869085
869086
869087
869088
869089
869090
869091
869092
869093
869094
869095
869096
869097
869098
869099
869100
869101
869102
869103
869104
869105
869106
869107
869108
869109
869110
869112
869113
869114
869115
869116
869117
869118
869119
869120
869121
869122
869123
869124
869125
869126
869127
869128
869129
869130
869131
869132
869133
869134
869135
869136
869137
869138
869139
869140
869141
869142
869143
869144
869145
869146
869147
869148
869149
869150
869151
869152
869153
869154
869155
869156
869157
869158
869159
869160
869161
869162
869163
869164
869165
869166
869167
869168
869169
869170
869171
869172
869173
869174
869175
869176
869177
869178
869179
869180
869181
869182
869183
869184
869185
869186
869187
869188
869189
869190
869191
869192
869193
869194
869195
869196
869197
869198
869199
869200
869201
869202
869203
869204
869205
869206
869207
869208
869209
869210
869211
869212
869213
869214
869215
869216
869217
869218
869219
869220
869221
869223
869224
869225
869226
869227
869228
869229
869230
869231
869232
869233
869234
869235
869236
869237
869238
869239
869240
869241
869242
869243
869244
869245
869246
869247
869248
869249
869250
869251
869252
869253
869254
869255
869256
869257
869258
869259
869260
869261
869262
869263
869264
869265
869266
869267
869268
869269
869270
869271
869272
869273
869274
869275
869276
869277
869278
869279
869280
869281
869282
869283
869284
869285
869286
869287
869288
869289
869290
