869291
869292
869293
869294
869295
869296
869297
869298
869299
869300
869301
869302
869303
869304
869305
869306
869307
869308
869309
869310
869311
869312
869313
869314
869315
869316
869317
869318
869319
869320
869321
869322
869323
869324
869325
869326
869327
869328
869329
869330
869331
869332
869334
869335
869336
869337
869338
869339
869340
869341
869342
869343
869344
869345
869346
869347
869348
869349
869350
869351
869352
869353
869354
869355
869356
869357
869358
869359
869360
869361
869362
869363
869364
869365
869366
869367
869368
869369
869370
869371
869372
869373
869374
869375
869376
869377
869378
869379
869380
869381
869382
869383
869384
869385
869386
869387
869388
869389
869390
869391
869392
869393
869394
869395
869396
869397
869398
869399
869400
869401
869402
869403
869404
869405
869406
869407
869408
869409
869410
869411
869412
869413
869414
869415
869416
869417
869418
869419
869420
869421
869422
869423
869424
869425
869426
869427
869428
869429
869430
869431
869432
869433
869434
869435
869436
869437
869438
869439
869440
869441
869442
869443
869445
869446
869447
869448
869449
869450
869451
869452
869453
869454
869455
869456
869457
869458
869459
869460
869461
869462
869463
869464
869465
869466
869467
869468
869469
869470
869471
869472
869473
869474
869475
869476
869477
869478
869479
869480
869481
869482
869483
869484
869485
869486
869487
869488
869489
869490
869491
869492
869493
869494
869495
869496
869497
869498
869499
869500
869501
869502
869503
869504
869505
869506
869507
869508
869509
869510
869511
869512
869513
869514
869515
869516
869517
869518
869519
869520
869521
869522
869523
869524
869525
869526
869527
869528
869529
869530
869531
869532
869533
869534
869535
869536
869537
869538
869539
869540
869541
869542
869543
869544
869545
869546
869547
869548
869549
869550
869551
869552
869553
869554
869556
869557
869558
869559
869560
869561
869562
869563
869564
869565
869566
869567
869568
869569
869570
869571
869572
869573
869574
869575
869576
869577
869578
869579
869580
869581
869582
869583
869584
869585
869586
869587
869588
869589
869590
869591
869592
869593
869594
869595
869596
869597
869598
869599
869600
869601
869602
869603
869604
869605
869606
869607
869608
869609
869610
869611
869612
869613
869614
869615
869616
869617
869618
869619
869620
869621
869622
869623
869624
869625
869626
869627
869628
869629
869630
869631
869632
869633
869634
869635
869636
869637
869638
869639
869640
869641
869642
869643
869644
869645
869646
869647
869648
869649
869650
869651
869652
869653
869654
869655
869656
869657
869658
869659
869660
869661
869662
869663
869664
869665
869667
869668
869669
869670
869671
869672
869673
869674
869675
869676
869677
869678
869679
869680
869681
869682
869683
869684
869685
869686
869687
869688
869689
869690
869691
869692
869693
869694
869695
869696
869697
869698
869699
869700
869701
869702
869703
869704
869705
869706
869707
869708
869709
869710
869711
869712
869713
869714
869715
869716
869717
869718
869719
869720
869721
869722
869723
869724
869725
869726
869727
869728
869729
869730
869731
869732
869733
869734
869735
869736
869737
869738
869739
869740
869741
869742
869743
869744
869745
869746
869747
869748
869749
869750
869751
869752
869753
869754
869755
869756
869757
869758
869759
869760
869761
869762
869763
869764
869765
869766
869767
869768
869769
869770
869771
869772
869773
869774
869775
869776
869778
869779
869780
869781
869782
869783
869784
869785
869786
869787
869788
869789
869790
869791
869792
869793
869794
869795
869796
869797
869798
869799
869800
869801
869802
869803
869804
869805
869806
869807
869808
869809
869810
869811
869812
869813
869814
869815
869816
869817
869818
869819
869820
869821
869822
869823
869824
869825
869826
869827
869828
869829
869830
869831
869832
869833
869834
869835
869836
869837
869838
869839
869840
869841
869842
869843
869844
869845
869846
869847
869848
869849
869850
869851
869852
869853
869854
869855
869856
869857
869858
869859
869860
869861
869862
869863
869864
869865
869866
869867
869868
869869
869870
869871
869872
869873
869874
869875
869876
869877
869878
869879
869880
869881
869882
869883
869884
869885
869886
869887
869889
869890
869891
869892
869893
869894
869895
869896
869897
869898
869899
869900
869901
869902
869903
869904
869905
869906
869907
869908
869909
869910
869911
869912
869913
869914
869915
869916
869917
869918
869919
869920
869921
869922
869923
869924
869925
869926
869927
869928
869929
869930
869931
869932
869933
869934
869935
869936
869937
869938
869939
869940
869941
869942
869943
869944
869945
869946
869947
869948
869949
869950
869951
869952
869953
869954
869955
869956
869957
869958
869959
869960
869961
869962
869963
869964
869965
869966
869967
869968
869969
869970
869971
869972
869973
869974
869975
869976
869977
869978
869979
869980
869981
869982
869983
869984
869985
869986
869987
869988
869989
870010
870011
870012
870013
870014
870015
870016
870017
870018
870019
870020
870021
870022
870023
870024
870025
870026
870027
870028
870029
870030
870031
870032
870033
870034
870035
870036
870037
870038
870039
870040
870041
870042
870043
870044
870045
870046
870047
870048
870049
870050
870051
870052
870053
870054
870055
870056
870057
870058
870059
870060
870061
870062
870063
870064
870065
870066
870067
870068
870069
870070
870071
870072
870073
870074
870075
870076
870077
870078
870079
870080
870081
870082
870083
870084
870085
870086
870087
870088
870089
870090
870091
870092
870093
870094
870095
870096
870097
870098
870099
870100
870101
870102
870103
870104
870105
870106
870107
870108
870109
870110
870112
870113
870114
870115
870116
870117
870118
870119
870120
870121
870122
870123
870124
870125
870126
870127
870128
870129
870130
870131
870132
870133
870134
870135
870136
870137
870138
870139
870140
870141
870142
870143
870144
870145
870146
870147
870148
870149
870150
870151
870152
870153
870154
870155
870156
870157
870158
870159
870160
870161
870162
870163
870164
870165
870166
870167
870168
870169
870170
870171
870172
870173
870174
870175
870176
870177
870178
870179
870180
870181
870182
870183
870184
870185
870186
870187
870188
870189
870190
870191
870192
870193
870194
870195
870196
870197
870198
870199
870200
870201
870202
870203
870204
870205
870206
870207
870208
870209
870210
870211
870212
870213
870214
870215
870216
870217
870218
870219
870220
870221
870223
870224
870225
870226
870227
870228
870229
870230
870231
870232
870233
870234
870235
870236
870237
870238
870239
870240
870241
870242
870243
870244
870245
870246
870247
870248
870249
870250
870251
870252
870253
870254
870255
870256
870257
870258
870259
870260
870261
870262
870263
870264
870265
870266
870267
870268
870269
870270
870271
870272
870273
870274
870275
870276
870277
870278
870279
870280
870281
870282
870283
870284
870285
870286
870287
870288
870289
870290
870291
870292
870293
870294
870295
870296
870297
870298
870299
870300
870301
870302
870303
870304
870305
870306
870307
870308
870309
870310
870311
870312
870313
870314
870315
870316
870317
870318
870319
870320
870321
870322
870323
870324
870325
870326
870327
870328
870329
870330
870331
870332
870334
870335
870336
870337
870338
870339
870340
870341
870342
870343
870344
870345
870346
870347
870348
870349
870350
870351
870352
870353
870354
870355
870356
870357
870358
870359
870360
870361
870362
870363
870364
870365
870366
870367
870368
870369
870370
870371
870372
870373
870374
870375
870376
870377
870378
870379
870380
870381
870382
870383
870384
870385
870386
870387
870388
870389
870390
870391
870392
870393
870394
870395
870396
870397
870398
870399
870400
870401
870402
870403
870404
870405
870406
870407
870408
870409
870410
870411
870412
870413
870414
870415
870416
870417
870418
870419
870420
870421
870422
870423
870424
870425
870426
870427
870428
870429
870430
870431
870432
870433
870434
870435
870436
870437
870438
870439
870440
870441
870442
870443
870445
870446
870447
870448
870449
870450
870451
870452
870453
870454
870455
870456
870457
870458
870459
870460
870461
870462
870463
