870464
870465
870466
870467
870468
870469
870470
870471
870472
870473
870474
870475
870476
870477
870478
870479
870480
870481
870482
870483
870484
870485
870486
870487
870488
870489
870490
870491
870492
870493
870494
870495
870496
870497
870498
870499
870500
870501
870502
870503
870504
870505
870506
870507
870508
870509
870510
870511
870512
870513
870514
870515
870516
870517
870518
870519
870520
870521
870522
870523
870524
870525
870526
870527
870528
870529
870530
870531
870532
870533
870534
870535
870536
870537
870538
870539
870540
870541
870542
870543
870544
870545
870546
870547
870548
870549
870550
870551
870552
870553
870554
870556
870557
870558
870559
870560
870561
870562
870563
870564
870565
870566
870567
870568
870569
870570
870571
870572
870573
870574
870575
870576
870577
870578
870579
870580
870581
870582
870583
870584
870585
870586
870587
870588
870589
870590
870591
870592
870593
870594
870595
870596
870597
870598
870599
870600
870601
870602
870603
870604
870605
870606
870607
870608
870609
870610
870611
870612
870613
870614
870615
870616
870617
870618
870619
870620
870621
870622
870623
870624
870625
870626
870627
870628
870629
870630
870631
870632
870633
870634
870635
870636
870637
870638
870639
870640
870641
870642
870643
870644
870645
870646
870647
870648
870649
870650
870651
870652
870653
870654
870655
870656
870657
870658
870659
870660
870661
870662
870663
870664
870665
870667
870668
870669
870670
870671
870672
870673
870674
870675
870676
870677
870678
870679
870680
870681
870682
870683
870684
870685
870686
870687
870688
870689
870690
870691
870692
870693
870694
870695
870696
870697
870698
870699
870700
870701
870702
870703
870704
870705
870706
870707
870708
870709
870710
870711
870712
870713
870714
870715
870716
870717
870718
870719
870720
870721
870722
870723
870724
870725
870726
870727
870728
870729
870730
870731
870732
870733
870734
870735
870736
870737
870738
870739
870740
870741
870742
870743
870744
870745
870746
870747
870748
870749
870750
870751
870752
870753
870754
870755
870756
870757
870758
870759
870760
870761
870762
870763
870764
870765
870766
870767
870768
870769
870770
870771
870772
870773
870774
870775
870776
870778
870779
870780
870781
870782
870783
870784
870785
870786
870787
870788
870789
870790
870791
870792
870793
870794
870795
870796
870797
870798
870799
870800
870801
870802
870803
870804
870805
870806
870807
870808
870809
870810
870811
870812
870813
870814
870815
870816
870817
870818
870819
870820
870821
870822
870823
870824
870825
870826
870827
870828
870829
870830
870831
870832
870833
870834
870835
870836
870837
870838
870839
870840
870841
870842
870843
870844
870845
870846
870847
870848
870849
870850
870851
870852
870853
870854
870855
870856
870857
870858
870859
870860
870861
870862
870863
870864
870865
870866
870867
870868
870869
870870
870871
870872
870873
870874
870875
870876
870877
870878
870879
870880
870881
870882
870883
870884
870885
870886
870887
870889
870890
870891
870892
870893
870894
870895
870896
870897
870898
870899
870900
870901
870902
870903
870904
870905
870906
870907
870908
870909
870910
870911
870912
870913
870914
870915
870916
870917
870918
870919
870920
870921
870922
870923
870924
870925
870926
870927
870928
870929
870930
870931
870932
870933
870934
870935
870936
870937
870938
870939
870940
870941
870942
870943
870944
870945
870946
870947
870948
870949
870950
870951
870952
870953
870954
870955
870956
870957
870958
870959
870960
870961
870962
870963
870964
870965
870966
870967
870968
870969
870970
870971
870972
870973
870974
870975
870976
870977
870978
870979
870980
870981
870982
870983
870984
870985
870986
870987
870988
870989
870990
870991
870992
870993
870994
870995
870996
870997
870998
871001
871002
871003
871004
871005
871006
871007
871008
871009
871010
871011
871012
871013
871014
871015
871016
871017
871018
871019
871020
871021
871022
871023
871024
871025
871026
871027
871028
871029
871030
871031
871032
871033
871034
871035
871036
871037
871038
871039
871040
871041
871042
871043
871044
871045
871046
871047
871048
871049
871050
871051
871052
871053
871054
871055
871056
871057
871058
871059
871060
871061
871062
871063
871064
871065
871066
871067
871068
871069
871070
871071
871072
871073
871074
871075
871076
871077
871078
871079
871080
871081
871082
871083
871084
871085
871086
871087
871088
871089
871090
871091
871092
871093
871094
871095
871096
871097
871098
871099
871100
871101
871102
871103
871104
871105
871106
871107
871108
871109
871120
871121
871122
871123
871124
871125
871126
871127
871128
871129
871130
871131
871132
871133
871134
871135
871136
871137
871138
871139
871140
871141
871142
871143
871144
871145
871146
871147
871148
871149
871150
871151
871152
871153
871154
871155
871156
871157
871158
871159
871160
871161
871162
871163
871164
871165
871166
871167
871168
871169
871170
871171
871172
871173
871174
871175
871176
871177
871178
871179
871180
871181
871182
871183
871184
871185
871186
871187
871188
871189
871190
871191
871192
871193
871194
871195
871196
871197
871198
871199
871200
871201
871202
871203
871204
871205
871206
871207
871208
871209
871210
871211
871212
871213
871214
871215
871216
871217
871218
871219
871220
871221
871223
871224
871225
871226
871227
871228
871229
871230
871231
871232
871233
871234
871235
871236
871237
871238
871239
871240
871241
871242
871243
871244
871245
871246
871247
871248
871249
871250
871251
871252
871253
871254
871255
871256
871257
871258
871259
871260
871261
871262
871263
871264
871265
871266
871267
871268
871269
871270
871271
871272
871273
871274
871275
871276
871277
871278
871279
871280
871281
871282
871283
871284
871285
871286
871287
871288
871289
871290
871291
871292
871293
871294
871295
871296
871297
871298
871299
871300
871301
871302
871303
871304
871305
871306
871307
871308
871309
871310
871311
871312
871313
871314
871315
871316
871317
871318
871319
871320
871321
871322
871323
871324
871325
871326
871327
871328
871329
871330
871331
871332
871334
871335
871336
871337
871338
871339
871340
871341
871342
871343
871344
871345
871346
871347
871348
871349
871350
871351
871352
871353
871354
871355
871356
871357
871358
871359
871360
871361
871362
871363
871364
871365
871366
871367
871368
871369
871370
871371
871372
871373
871374
871375
871376
871377
871378
871379
871380
871381
871382
871383
871384
871385
871386
871387
871388
871389
871390
871391
871392
871393
871394
871395
871396
871397
871398
871399
871400
871401
871402
871403
871404
871405
871406
871407
871408
871409
871410
871411
871412
871413
871414
871415
871416
871417
871418
871419
871420
871421
871422
871423
871424
871425
871426
871427
871428
871429
871430
871431
871432
871433
871434
871435
871436
871437
871438
871439
871440
871441
871442
871443
871445
871446
871447
871448
871449
871450
871451
871452
871453
871454
871455
871456
871457
871458
871459
871460
871461
871462
871463
871464
871465
871466
871467
871468
871469
871470
871471
871472
871473
871474
871475
871476
871477
871478
871479
871480
871481
871482
871483
871484
871485
871486
871487
871488
871489
871490
871491
871492
871493
871494
871495
871496
871497
871498
871499
871500
871501
871502
871503
871504
871505
871506
871507
871508
871509
871510
871511
871512
871513
871514
871515
871516
871517
871518
871519
871520
871521
871522
871523
871524
871525
871526
871527
871528
871529
871530
871531
871532
871533
871534
871535
871536
871537
871538
871539
871540
871541
871542
871543
871544
871545
871546
871547
871548
871549
871550
871551
871552
871553
871554
871556
871557
871558
871559
871560
871561
871562
871563
871564
871565
871566
871567
871568
871569
871570
871571
871572
871573
871574
871575
871576
871577
871578
871579
871580
871581
871582
871583
871584
871585
871586
871587
871588
871589
871590
871591
871592
871593
871594
871595
871596
871597
871598
871599
871600
871601
871602
871603
871604
871605
871606
871607
871608
871609
871610
871611
871612
871613
871614
871615
871616
871617
871618
871619
871620
871621
871622
871623
871624
871625
871626
