871627
871628
871629
871630
871631
871632
871633
871634
871635
871636
871637
871638
871639
871640
871641
871642
871643
871644
871645
871646
871647
871648
871649
871650
871651
871652
871653
871654
871655
871656
871657
871658
871659
871660
871661
871662
871663
871664
871665
871667
871668
871669
871670
871671
871672
871673
871674
871675
871676
871677
871678
871679
871680
871681
871682
871683
871684
871685
871686
871687
871688
871689
871690
871691
871692
871693
871694
871695
871696
871697
871698
871699
871700
871701
871702
871703
871704
871705
871706
871707
871708
871709
871710
871711
871712
871713
871714
871715
871716
871717
871718
871719
871720
871721
871722
871723
871724
871725
871726
871727
871728
871729
871730
871731
871732
871733
871734
871735
871736
871737
871738
871739
871740
871741
871742
871743
871744
871745
871746
871747
871748
871749
871750
871751
871752
871753
871754
871755
871756
871757
871758
871759
871760
871761
871762
871763
871764
871765
871766
871767
871768
871769
871770
871771
871772
871773
871774
871775
871776
871778
871779
871780
871781
871782
871783
871784
871785
871786
871787
871788
871789
871790
871791
871792
871793
871794
871795
871796
871797
871798
871799
871800
871801
871802
871803
871804
871805
871806
871807
871808
871809
871810
871811
871812
871813
871814
871815
871816
871817
871818
871819
871820
871821
871822
871823
871824
871825
871826
871827
871828
871829
871830
871831
871832
871833
871834
871835
871836
871837
871838
871839
871840
871841
871842
871843
871844
871845
871846
871847
871848
871849
871850
871851
871852
871853
871854
871855
871856
871857
871858
871859
871860
871861
871862
871863
871864
871865
871866
871867
871868
871869
871870
871871
871872
871873
871874
871875
871876
871877
871878
871879
871880
871881
871882
871883
871884
871885
871886
871887
871889
871890
871891
871892
871893
871894
871895
871896
871897
871898
871899
871900
871901
871902
871903
871904
871905
871906
871907
871908
871909
871910
871911
871912
871913
871914
871915
871916
871917
871918
871919
871920
871921
871922
871923
871924
871925
871926
871927
871928
871929
871930
871931
871932
871933
871934
871935
871936
871937
871938
871939
871940
871941
871942
871943
871944
871945
871946
871947
871948
871949
871950
871951
871952
871953
871954
871955
871956
871957
871958
871959
871960
871961
871962
871963
871964
871965
871966
871967
871968
871969
871970
871971
871972
871973
871974
871975
871976
871977
871978
871979
871980
871981
871982
871983
871984
871985
871986
871987
871988
871989
871990
871991
871992
871993
871994
871995
871996
871997
871998
872001
872002
872003
872004
872005
872006
872007
872008
872009
872010
872011
872012
872013
872014
872015
872016
872017
872018
872019
872020
872021
872022
872023
872024
872025
872026
872027
872028
872029
872030
872031
872032
872033
872034
872035
872036
872037
872038
872039
872040
872041
872042
872043
872044
872045
872046
872047
872048
872049
872050
872051
872052
872053
872054
872055
872056
872057
872058
872059
872060
872061
872062
872063
872064
872065
872066
872067
872068
872069
872070
872071
872072
872073
872074
872075
872076
872077
872078
872079
872080
872081
872082
872083
872084
872085
872086
872087
872088
872089
872090
872091
872092
872093
872094
872095
872096
872097
872098
872099
872100
872101
872102
872103
872104
872105
872106
872107
872108
872109
872110
872112
872113
872114
872115
872116
872117
872118
872119
872120
872121
872122
872123
872124
872125
872126
872127
872128
872129
872130
872131
872132
872133
872134
872135
872136
872137
872138
872139
872140
872141
872142
872143
872144
872145
872146
872147
872148
872149
872150
872151
872152
872153
872154
872155
872156
872157
872158
872159
872160
872161
872162
872163
872164
872165
872166
872167
872168
872169
872170
872171
872172
872173
872174
872175
872176
872177
872178
872179
872180
872181
872182
872183
872184
872185
872186
872187
872188
872189
872190
872191
872192
872193
872194
872195
872196
872197
872198
872199
872200
872201
872202
872203
872204
872205
872206
872207
872208
872209
872210
872211
872212
872213
872214
872215
872216
872217
872218
872219
872230
872231
872232
872233
872234
872235
872236
872237
872238
872239
872240
872241
872242
872243
872244
872245
872246
872247
872248
872249
872250
872251
872252
872253
872254
872255
872256
872257
872258
872259
872260
872261
872262
872263
872264
872265
872266
872267
872268
872269
872270
872271
872272
872273
872274
872275
872276
872277
872278
872279
872280
872281
872282
872283
872284
872285
872286
872287
872288
872289
872290
872291
872292
872293
872294
872295
872296
872297
872298
872299
872300
872301
872302
872303
872304
872305
872306
872307
872308
872309
872310
872311
872312
872313
872314
872315
872316
872317
872318
872319
872320
872321
872322
872323
872324
872325
872326
872327
872328
872329
872330
872331
872332
872334
872335
872336
872337
872338
872339
872340
872341
872342
872343
872344
872345
872346
872347
872348
872349
872350
872351
872352
872353
872354
872355
872356
872357
872358
872359
872360
872361
872362
872363
872364
872365
872366
872367
872368
872369
872370
872371
872372
872373
872374
872375
872376
872377
872378
872379
872380
872381
872382
872383
872384
872385
872386
872387
872388
872389
872390
872391
872392
872393
872394
872395
872396
872397
872398
872399
872400
872401
872402
872403
872404
872405
872406
872407
872408
872409
872410
872411
872412
872413
872414
872415
872416
872417
872418
872419
872420
872421
872422
872423
872424
872425
872426
872427
872428
872429
872430
872431
872432
872433
872434
872435
872436
872437
872438
872439
872440
872441
872442
872443
872445
872446
872447
872448
872449
872450
872451
872452
872453
872454
872455
872456
872457
872458
872459
872460
872461
872462
872463
872464
872465
872466
872467
872468
872469
872470
872471
872472
872473
872474
872475
872476
872477
872478
872479
872480
872481
872482
872483
872484
872485
872486
872487
872488
872489
872490
872491
872492
872493
872494
872495
872496
872497
872498
872499
872500
872501
872502
872503
872504
872505
872506
872507
872508
872509
872510
872511
872512
872513
872514
872515
872516
872517
872518
872519
872520
872521
872522
872523
872524
872525
872526
872527
872528
872529
872530
872531
872532
872533
872534
872535
872536
872537
872538
872539
872540
872541
872542
872543
872544
872545
872546
872547
872548
872549
872550
872551
872552
872553
872554
872556
872557
872558
872559
872560
872561
872562
872563
872564
872565
872566
872567
872568
872569
872570
872571
872572
872573
872574
872575
872576
872577
872578
872579
872580
872581
872582
872583
872584
872585
872586
872587
872588
872589
872590
872591
872592
872593
872594
872595
872596
872597
872598
872599
872600
872601
872602
872603
872604
872605
872606
872607
872608
872609
872610
872611
872612
872613
872614
872615
872616
872617
872618
872619
872620
872621
872622
872623
872624
872625
872626
872627
872628
872629
872630
872631
872632
872633
872634
872635
872636
872637
872638
872639
872640
872641
872642
872643
872644
872645
872646
872647
872648
872649
872650
872651
872652
872653
872654
872655
872656
872657
872658
872659
872660
872661
872662
872663
872664
872665
872667
872668
872669
872670
872671
872672
872673
872674
872675
872676
872677
872678
872679
872680
872681
872682
872683
872684
872685
872686
872687
872688
872689
872690
872691
872692
872693
872694
872695
872696
872697
872698
872699
872700
872701
872702
872703
872704
872705
872706
872707
872708
872709
872710
872711
872712
872713
872714
872715
872716
872717
872718
872719
872720
872721
872722
872723
872724
872725
872726
872727
872728
872729
872730
872731
872732
872733
872734
872735
872736
872737
872738
872739
872740
872741
872742
872743
872744
872745
872746
872747
872748
872749
872750
872751
872752
872753
872754
872755
872756
872757
872758
872759
872760
872761
872762
872763
872764
872765
872766
872767
872768
872769
872770
872771
872772
872773
872774
872775
872776
872778
872779
872780
872781
872782
872783
872784
872785
872786
872787
872788
872789
872790
