872791
872792
872793
872794
872795
872796
872797
872798
872799
872800
872801
872802
872803
872804
872805
872806
872807
872808
872809
872810
872811
872812
872813
872814
872815
872816
872817
872818
872819
872820
872821
872822
872823
872824
872825
872826
872827
872828
872829
872830
872831
872832
872833
872834
872835
872836
872837
872838
872839
872840
872841
872842
872843
872844
872845
872846
872847
872848
872849
872850
872851
872852
872853
872854
872855
872856
872857
872858
872859
872860
872861
872862
872863
872864
872865
872866
872867
872868
872869
872870
872871
872872
872873
872874
872875
872876
872877
872878
872879
872880
872881
872882
872883
872884
872885
872886
872887
872889
872890
872891
872892
872893
872894
872895
872896
872897
872898
872899
872900
872901
872902
872903
872904
872905
872906
872907
872908
872909
872910
872911
872912
872913
872914
872915
872916
872917
872918
872919
872920
872921
872922
872923
872924
872925
872926
872927
872928
872929
872930
872931
872932
872933
872934
872935
872936
872937
872938
872939
872940
872941
872942
872943
872944
872945
872946
872947
872948
872949
872950
872951
872952
872953
872954
872955
872956
872957
872958
872959
872960
872961
872962
872963
872964
872965
872966
872967
872968
872969
872970
872971
872972
872973
872974
872975
872976
872977
872978
872979
872980
872981
872982
872983
872984
872985
872986
872987
872988
872989
872990
872991
872992
872993
872994
872995
872996
872997
872998
873001
873002
873003
873004
873005
873006
873007
873008
873009
873010
873011
873012
873013
873014
873015
873016
873017
873018
873019
873020
873021
873022
873023
873024
873025
873026
873027
873028
873029
873030
873031
873032
873033
873034
873035
873036
873037
873038
873039
873040
873041
873042
873043
873044
873045
873046
873047
873048
873049
873050
873051
873052
873053
873054
873055
873056
873057
873058
873059
873060
873061
873062
873063
873064
873065
873066
873067
873068
873069
873070
873071
873072
873073
873074
873075
873076
873077
873078
873079
873080
873081
873082
873083
873084
873085
873086
873087
873088
873089
873090
873091
873092
873093
873094
873095
873096
873097
873098
873099
873100
873101
873102
873103
873104
873105
873106
873107
873108
873109
873110
873112
873113
873114
873115
873116
873117
873118
873119
873120
873121
873122
873123
873124
873125
873126
873127
873128
873129
873130
873131
873132
873133
873134
873135
873136
873137
873138
873139
873140
873141
873142
873143
873144
873145
873146
873147
873148
873149
873150
873151
873152
873153
873154
873155
873156
873157
873158
873159
873160
873161
873162
873163
873164
873165
873166
873167
873168
873169
873170
873171
873172
873173
873174
873175
873176
873177
873178
873179
873180
873181
873182
873183
873184
873185
873186
873187
873188
873189
873190
873191
873192
873193
873194
873195
873196
873197
873198
873199
873200
873201
873202
873203
873204
873205
873206
873207
873208
873209
873210
873211
873212
873213
873214
873215
873216
873217
873218
873219
873220
873221
873223
873224
873225
873226
873227
873228
873229
873230
873231
873232
873233
873234
873235
873236
873237
873238
873239
873240
873241
873242
873243
873244
873245
873246
873247
873248
873249
873250
873251
873252
873253
873254
873255
873256
873257
873258
873259
873260
873261
873262
873263
873264
873265
873266
873267
873268
873269
873270
873271
873272
873273
873274
873275
873276
873277
873278
873279
873280
873281
873282
873283
873284
873285
873286
873287
873288
873289
873290
873291
873292
873293
873294
873295
873296
873297
873298
873299
873300
873301
873302
873303
873304
873305
873306
873307
873308
873309
873310
873311
873312
873313
873314
873315
873316
873317
873318
873319
873320
873321
873322
873323
873324
873325
873326
873327
873328
873329
873340
873341
873342
873343
873344
873345
873346
873347
873348
873349
873350
873351
873352
873353
873354
873355
873356
873357
873358
873359
873360
873361
873362
873363
873364
873365
873366
873367
873368
873369
873370
873371
873372
873373
873374
873375
873376
873377
873378
873379
873380
873381
873382
873383
873384
873385
873386
873387
873388
873389
873390
873391
873392
873393
873394
873395
873396
873397
873398
873399
873400
873401
873402
873403
873404
873405
873406
873407
873408
873409
873410
873411
873412
873413
873414
873415
873416
873417
873418
873419
873420
873421
873422
873423
873424
873425
873426
873427
873428
873429
873430
873431
873432
873433
873434
873435
873436
873437
873438
873439
873440
873441
873442
873443
873445
873446
873447
873448
873449
873450
873451
873452
873453
873454
873455
873456
873457
873458
873459
873460
873461
873462
873463
873464
873465
873466
873467
873468
873469
873470
873471
873472
873473
873474
873475
873476
873477
873478
873479
873480
873481
873482
873483
873484
873485
873486
873487
873488
873489
873490
873491
873492
873493
873494
873495
873496
873497
873498
873499
873500
873501
873502
873503
873504
873505
873506
873507
873508
873509
873510
873511
873512
873513
873514
873515
873516
873517
873518
873519
873520
873521
873522
873523
873524
873525
873526
873527
873528
873529
873530
873531
873532
873533
873534
873535
873536
873537
873538
873539
873540
873541
873542
873543
873544
873545
873546
873547
873548
873549
873550
873551
873552
873553
873554
873556
873557
873558
873559
873560
873561
873562
873563
873564
873565
873566
873567
873568
873569
873570
873571
873572
873573
873574
873575
873576
873577
873578
873579
873580
873581
873582
873583
873584
873585
873586
873587
873588
873589
873590
873591
873592
873593
873594
873595
873596
873597
873598
873599
873600
873601
873602
873603
873604
873605
873606
873607
873608
873609
873610
873611
873612
873613
873614
873615
873616
873617
873618
873619
873620
873621
873622
873623
873624
873625
873626
873627
873628
873629
873630
873631
873632
873633
873634
873635
873636
873637
873638
873639
873640
873641
873642
873643
873644
873645
873646
873647
873648
873649
873650
873651
873652
873653
873654
873655
873656
873657
873658
873659
873660
873661
873662
873663
873664
873665
873667
873668
873669
873670
873671
873672
873673
873674
873675
873676
873677
873678
873679
873680
873681
873682
873683
873684
873685
873686
873687
873688
873689
873690
873691
873692
873693
873694
873695
873696
873697
873698
873699
873700
873701
873702
873703
873704
873705
873706
873707
873708
873709
873710
873711
873712
873713
873714
873715
873716
873717
873718
873719
873720
873721
873722
873723
873724
873725
873726
873727
873728
873729
873730
873731
873732
873733
873734
873735
873736
873737
873738
873739
873740
873741
873742
873743
873744
873745
873746
873747
873748
873749
873750
873751
873752
873753
873754
873755
873756
873757
873758
873759
873760
873761
873762
873763
873764
873765
873766
873767
873768
873769
873770
873771
873772
873773
873774
873775
873776
873778
873779
873780
873781
873782
873783
873784
873785
873786
873787
873788
873789
873790
873791
873792
873793
873794
873795
873796
873797
873798
873799
873800
873801
873802
873803
873804
873805
873806
873807
873808
873809
873810
873811
873812
873813
873814
873815
873816
873817
873818
873819
873820
873821
873822
873823
873824
873825
873826
873827
873828
873829
873830
873831
873832
873833
873834
873835
873836
873837
873838
873839
873840
873841
873842
873843
873844
873845
873846
873847
873848
873849
873850
873851
873852
873853
873854
873855
873856
873857
873858
873859
873860
873861
873862
873863
873864
873865
873866
873867
873868
873869
873870
873871
873872
873873
873874
873875
873876
873877
873878
873879
873880
873881
873882
873883
873884
873885
873886
873887
873889
873890
873891
873892
873893
873894
873895
873896
873897
873898
873899
873900
873901
873902
873903
873904
873905
873906
873907
873908
873909
873910
873911
873912
873913
873914
873915
873916
873917
873918
873919
873920
873921
873922
873923
873924
873925
873926
873927
873928
873929
873930
873931
873932
873933
873934
873935
873936
873937
873938
873939
873940
873941
873942
873943
873944
873945
873946
873947
873948
873949
873950
873951
873952
873953
