873954
873955
873956
873957
873958
873959
873960
873961
873962
873963
873964
873965
873966
873967
873968
873969
873970
873971
873972
873973
873974
873975
873976
873977
873978
873979
873980
873981
873982
873983
873984
873985
873986
873987
873988
873989
873990
873991
873992
873993
873994
873995
873996
873997
873998
874001
874002
874003
874004
874005
874006
874007
874008
874009
874010
874011
874012
874013
874014
874015
874016
874017
874018
874019
874020
874021
874022
874023
874024
874025
874026
874027
874028
874029
874030
874031
874032
874033
874034
874035
874036
874037
874038
874039
874040
874041
874042
874043
874044
874045
874046
874047
874048
874049
874050
874051
874052
874053
874054
874055
874056
874057
874058
874059
874060
874061
874062
874063
874064
874065
874066
874067
874068
874069
874070
874071
874072
874073
874074
874075
874076
874077
874078
874079
874080
874081
874082
874083
874084
874085
874086
874087
874088
874089
874090
874091
874092
874093
874094
874095
874096
874097
874098
874099
874100
874101
874102
874103
874104
874105
874106
874107
874108
874109
874110
874112
874113
874114
874115
874116
874117
874118
874119
874120
874121
874122
874123
874124
874125
874126
874127
874128
874129
874130
874131
874132
874133
874134
874135
874136
874137
874138
874139
874140
874141
874142
874143
874144
874145
874146
874147
874148
874149
874150
874151
874152
874153
874154
874155
874156
874157
874158
874159
874160
874161
874162
874163
874164
874165
874166
874167
874168
874169
874170
874171
874172
874173
874174
874175
874176
874177
874178
874179
874180
874181
874182
874183
874184
874185
874186
874187
874188
874189
874190
874191
874192
874193
874194
874195
874196
874197
874198
874199
874200
874201
874202
874203
874204
874205
874206
874207
874208
874209
874210
874211
874212
874213
874214
874215
874216
874217
874218
874219
874220
874221
874223
874224
874225
874226
874227
874228
874229
874230
874231
874232
874233
874234
874235
874236
874237
874238
874239
874240
874241
874242
874243
874244
874245
874246
874247
874248
874249
874250
874251
874252
874253
874254
874255
874256
874257
874258
874259
874260
874261
874262
874263
874264
874265
874266
874267
874268
874269
874270
874271
874272
874273
874274
874275
874276
874277
874278
874279
874280
874281
874282
874283
874284
874285
874286
874287
874288
874289
874290
874291
874292
874293
874294
874295
874296
874297
874298
874299
874300
874301
874302
874303
874304
874305
874306
874307
874308
874309
874310
874311
874312
874313
874314
874315
874316
874317
874318
874319
874320
874321
874322
874323
874324
874325
874326
874327
874328
874329
874330
874331
874332
874334
874335
874336
874337
874338
874339
874340
874341
874342
874343
874344
874345
874346
874347
874348
874349
874350
874351
874352
874353
874354
874355
874356
874357
874358
874359
874360
874361
874362
874363
874364
874365
874366
874367
874368
874369
874370
874371
874372
874373
874374
874375
874376
874377
874378
874379
874380
874381
874382
874383
874384
874385
874386
874387
874388
874389
874390
874391
874392
874393
874394
874395
874396
874397
874398
874399
874400
874401
874402
874403
874404
874405
874406
874407
874408
874409
874410
874411
874412
874413
874414
874415
874416
874417
874418
874419
874420
874421
874422
874423
874424
874425
874426
874427
874428
874429
874430
874431
874432
874433
874434
874435
874436
874437
874438
874439
874450
874451
874452
874453
874454
874455
874456
874457
874458
874459
874460
874461
874462
874463
874464
874465
874466
874467
874468
874469
874470
874471
874472
874473
874474
874475
874476
874477
874478
874479
874480
874481
874482
874483
874484
874485
874486
874487
874488
874489
874490
874491
874492
874493
874494
874495
874496
874497
874498
874499
874500
874501
874502
874503
874504
874505
874506
874507
874508
874509
874510
874511
874512
874513
874514
874515
874516
874517
874518
874519
874520
874521
874522
874523
874524
874525
874526
874527
874528
874529
874530
874531
874532
874533
874534
874535
874536
874537
874538
874539
874540
874541
874542
874543
874544
874545
874546
874547
874548
874549
874550
874551
874552
874553
874554
874556
874557
874558
874559
874560
874561
874562
874563
874564
874565
874566
874567
874568
874569
874570
874571
874572
874573
874574
874575
874576
874577
874578
874579
874580
874581
874582
874583
874584
874585
874586
874587
874588
874589
874590
874591
874592
874593
874594
874595
874596
874597
874598
874599
874600
874601
874602
874603
874604
874605
874606
874607
874608
874609
874610
874611
874612
874613
874614
874615
874616
874617
874618
874619
874620
874621
874622
874623
874624
874625
874626
874627
874628
874629
874630
874631
874632
874633
874634
874635
874636
874637
874638
874639
874640
874641
874642
874643
874644
874645
874646
874647
874648
874649
874650
874651
874652
874653
874654
874655
874656
874657
874658
874659
874660
874661
874662
874663
874664
874665
874667
874668
874669
874670
874671
874672
874673
874674
874675
874676
874677
874678
874679
874680
874681
874682
874683
874684
874685
874686
874687
874688
874689
874690
874691
874692
874693
874694
874695
874696
874697
874698
874699
874700
874701
874702
874703
874704
874705
874706
874707
874708
874709
874710
874711
874712
874713
874714
874715
874716
874717
874718
874719
874720
874721
874722
874723
874724
874725
874726
874727
874728
874729
874730
874731
874732
874733
874734
874735
874736
874737
874738
874739
874740
874741
874742
874743
874744
874745
874746
874747
874748
874749
874750
874751
874752
874753
874754
874755
874756
874757
874758
874759
874760
874761
874762
874763
874764
874765
874766
874767
874768
874769
874770
874771
874772
874773
874774
874775
874776
874778
874779
874780
874781
874782
874783
874784
874785
874786
874787
874788
874789
874790
874791
874792
874793
874794
874795
874796
874797
874798
874799
874800
874801
874802
874803
874804
874805
874806
874807
874808
874809
874810
874811
874812
874813
874814
874815
874816
874817
874818
874819
874820
874821
874822
874823
874824
874825
874826
874827
874828
874829
874830
874831
874832
874833
874834
874835
874836
874837
874838
874839
874840
874841
874842
874843
874844
874845
874846
874847
874848
874849
874850
874851
874852
874853
874854
874855
874856
874857
874858
874859
874860
874861
874862
874863
874864
874865
874866
874867
874868
874869
874870
874871
874872
874873
874874
874875
874876
874877
874878
874879
874880
874881
874882
874883
874884
874885
874886
874887
874889
874890
874891
874892
874893
874894
874895
874896
874897
874898
874899
874900
874901
874902
874903
874904
874905
874906
874907
874908
874909
874910
874911
874912
874913
874914
874915
874916
874917
874918
874919
874920
874921
874922
874923
874924
874925
874926
874927
874928
874929
874930
874931
874932
874933
874934
874935
874936
874937
874938
874939
874940
874941
874942
874943
874944
874945
874946
874947
874948
874949
874950
874951
874952
874953
874954
874955
874956
874957
874958
874959
874960
874961
874962
874963
874964
874965
874966
874967
874968
874969
874970
874971
874972
874973
874974
874975
874976
874977
874978
874979
874980
874981
874982
874983
874984
874985
874986
874987
874988
874989
874990
874991
874992
874993
874994
874995
874996
874997
874998
875001
875002
875003
875004
875005
875006
875007
875008
875009
875010
875011
875012
875013
875014
875015
875016
875017
875018
875019
875020
875021
875022
875023
875024
875025
875026
875027
875028
875029
875030
875031
875032
875033
875034
875035
875036
875037
875038
875039
875040
875041
875042
875043
875044
875045
875046
875047
875048
875049
875050
875051
875052
875053
875054
875055
875056
875057
875058
875059
875060
875061
875062
875063
875064
875065
875066
875067
875068
875069
875070
875071
875072
875073
875074
875075
875076
875077
875078
875079
875080
875081
875082
875083
875084
875085
875086
875087
875088
875089
875090
875091
875092
875093
875094
875095
875096
875097
875098
875099
875100
875101
875102
875103
875104
875105
875106
875107
875108
875109
875110
875112
875113
875114
875115
875116
875117
875118
