875119
875120
875121
875122
875123
875124
875125
875126
875127
875128
875129
875130
875131
875132
875133
875134
875135
875136
875137
875138
875139
875140
875141
875142
875143
875144
875145
875146
875147
875148
875149
875150
875151
875152
875153
875154
875155
875156
875157
875158
875159
875160
875161
875162
875163
875164
875165
875166
875167
875168
875169
875170
875171
875172
875173
875174
875175
875176
875177
875178
875179
875180
875181
875182
875183
875184
875185
875186
875187
875188
875189
875190
875191
875192
875193
875194
875195
875196
875197
875198
875199
875200
875201
875202
875203
875204
875205
875206
875207
875208
875209
875210
875211
875212
875213
875214
875215
875216
875217
875218
875219
875220
875221
875223
875224
875225
875226
875227
875228
875229
875230
875231
875232
875233
875234
875235
875236
875237
875238
875239
875240
875241
875242
875243
875244
875245
875246
875247
875248
875249
875250
875251
875252
875253
875254
875255
875256
875257
875258
875259
875260
875261
875262
875263
875264
875265
875266
875267
875268
875269
875270
875271
875272
875273
875274
875275
875276
875277
875278
875279
875280
875281
875282
875283
875284
875285
875286
875287
875288
875289
875290
875291
875292
875293
875294
875295
875296
875297
875298
875299
875300
875301
875302
875303
875304
875305
875306
875307
875308
875309
875310
875311
875312
875313
875314
875315
875316
875317
875318
875319
875320
875321
875322
875323
875324
875325
875326
875327
875328
875329
875330
875331
875332
875334
875335
875336
875337
875338
875339
875340
875341
875342
875343
875344
875345
875346
875347
875348
875349
875350
875351
875352
875353
875354
875355
875356
875357
875358
875359
875360
875361
875362
875363
875364
875365
875366
875367
875368
875369
875370
875371
875372
875373
875374
875375
875376
875377
875378
875379
875380
875381
875382
875383
875384
875385
875386
875387
875388
875389
875390
875391
875392
875393
875394
875395
875396
875397
875398
875399
875400
875401
875402
875403
875404
875405
875406
875407
875408
875409
875410
875411
875412
875413
875414
875415
875416
875417
875418
875419
875420
875421
875422
875423
875424
875425
875426
875427
875428
875429
875430
875431
875432
875433
875434
875435
875436
875437
875438
875439
875440
875441
875442
875443
875445
875446
875447
875448
875449
875450
875451
875452
875453
875454
875455
875456
875457
875458
875459
875460
875461
875462
875463
875464
875465
875466
875467
875468
875469
875470
875471
875472
875473
875474
875475
875476
875477
875478
875479
875480
875481
875482
875483
875484
875485
875486
875487
875488
875489
875490
875491
875492
875493
875494
875495
875496
875497
875498
875499
875500
875501
875502
875503
875504
875505
875506
875507
875508
875509
875510
875511
875512
875513
875514
875515
875516
875517
875518
875519
875520
875521
875522
875523
875524
875525
875526
875527
875528
875529
875530
875531
875532
875533
875534
875535
875536
875537
875538
875539
875540
875541
875542
875543
875544
875545
875546
875547
875548
875549
875560
875561
875562
875563
875564
875565
875566
875567
875568
875569
875570
875571
875572
875573
875574
875575
875576
875577
875578
875579
875580
875581
875582
875583
875584
875585
875586
875587
875588
875589
875590
875591
875592
875593
875594
875595
875596
875597
875598
875599
875600
875601
875602
875603
875604
875605
875606
875607
875608
875609
875610
875611
875612
875613
875614
875615
875616
875617
875618
875619
875620
875621
875622
875623
875624
875625
875626
875627
875628
875629
875630
875631
875632
875633
875634
875635
875636
875637
875638
875639
875640
875641
875642
875643
875644
875645
875646
875647
875648
875649
875650
875651
875652
875653
875654
875655
875656
875657
875658
875659
875660
875661
875662
875663
875664
875665
875667
875668
875669
875670
875671
875672
875673
875674
875675
875676
875677
875678
875679
875680
875681
875682
875683
875684
875685
875686
875687
875688
875689
875690
875691
875692
875693
875694
875695
875696
875697
875698
875699
875700
875701
875702
875703
875704
875705
875706
875707
875708
875709
875710
875711
875712
875713
875714
875715
875716
875717
875718
875719
875720
875721
875722
875723
875724
875725
875726
875727
875728
875729
875730
875731
875732
875733
875734
875735
875736
875737
875738
875739
875740
875741
875742
875743
875744
875745
875746
875747
875748
875749
875750
875751
875752
875753
875754
875755
875756
875757
875758
875759
875760
875761
875762
875763
875764
875765
875766
875767
875768
875769
875770
875771
875772
875773
875774
875775
875776
875778
875779
875780
875781
875782
875783
875784
875785
875786
875787
875788
875789
875790
875791
875792
875793
875794
875795
875796
875797
875798
875799
875800
875801
875802
875803
875804
875805
875806
875807
875808
875809
875810
875811
875812
875813
875814
875815
875816
875817
875818
875819
875820
875821
875822
875823
875824
875825
875826
875827
875828
875829
875830
875831
875832
875833
875834
875835
875836
875837
875838
875839
875840
875841
875842
875843
875844
875845
875846
875847
875848
875849
875850
875851
875852
875853
875854
875855
875856
875857
875858
875859
875860
875861
875862
875863
875864
875865
875866
875867
875868
875869
875870
875871
875872
875873
875874
875875
875876
875877
875878
875879
875880
875881
875882
875883
875884
875885
875886
875887
875889
875890
875891
875892
875893
875894
875895
875896
875897
875898
875899
875900
875901
875902
875903
875904
875905
875906
875907
875908
875909
875910
875911
875912
875913
875914
875915
875916
875917
875918
875919
875920
875921
875922
875923
875924
875925
875926
875927
875928
875929
875930
875931
875932
875933
875934
875935
875936
875937
875938
875939
875940
875941
875942
875943
875944
875945
875946
875947
875948
875949
875950
875951
875952
875953
875954
875955
875956
875957
875958
875959
875960
875961
875962
875963
875964
875965
875966
875967
875968
875969
875970
875971
875972
875973
875974
875975
875976
875977
875978
875979
875980
875981
875982
875983
875984
875985
875986
875987
875988
875989
875990
875991
875992
875993
875994
875995
875996
875997
875998
876001
876002
876003
876004
876005
876006
876007
876008
876009
876010
876011
876012
876013
876014
876015
876016
876017
876018
876019
876020
876021
876022
876023
876024
876025
876026
876027
876028
876029
876030
876031
876032
876033
876034
876035
876036
876037
876038
876039
876040
876041
876042
876043
876044
876045
876046
876047
876048
876049
876050
876051
876052
876053
876054
876055
876056
876057
876058
876059
876060
876061
876062
876063
876064
876065
876066
876067
876068
876069
876070
876071
876072
876073
876074
876075
876076
876077
876078
876079
876080
876081
876082
876083
876084
876085
876086
876087
876088
876089
876090
876091
876092
876093
876094
876095
876096
876097
876098
876099
876100
876101
876102
876103
876104
876105
876106
876107
876108
876109
876110
876112
876113
876114
876115
876116
876117
876118
876119
876120
876121
876122
876123
876124
876125
876126
876127
876128
876129
876130
876131
876132
876133
876134
876135
876136
876137
876138
876139
876140
876141
876142
876143
876144
876145
876146
876147
876148
876149
876150
876151
876152
876153
876154
876155
876156
876157
876158
876159
876160
876161
876162
876163
876164
876165
876166
876167
876168
876169
876170
876171
876172
876173
876174
876175
876176
876177
876178
876179
876180
876181
876182
876183
876184
876185
876186
876187
876188
876189
876190
876191
876192
876193
876194
876195
876196
876197
876198
876199
876200
876201
876202
876203
876204
876205
876206
876207
876208
876209
876210
876211
876212
876213
876214
876215
876216
876217
876218
876219
876220
876221
876223
876224
876225
876226
876227
876228
876229
876230
876231
876232
876233
876234
876235
876236
876237
876238
876239
876240
876241
876242
876243
876244
876245
876246
876247
876248
876249
876250
876251
876252
876253
876254
876255
876256
876257
876258
876259
876260
876261
876262
876263
876264
876265
876266
876267
876268
876269
876270
876271
876272
876273
876274
876275
876276
876277
876278
876279
876280
876281
