876282
876283
876284
876285
876286
876287
876288
876289
876290
876291
876292
876293
876294
876295
876296
876297
876298
876299
876300
876301
876302
876303
876304
876305
876306
876307
876308
876309
876310
876311
876312
876313
876314
876315
876316
876317
876318
876319
876320
876321
876322
876323
876324
876325
876326
876327
876328
876329
876330
876331
876332
876334
876335
876336
876337
876338
876339
876340
876341
876342
876343
876344
876345
876346
876347
876348
876349
876350
876351
876352
876353
876354
876355
876356
876357
876358
876359
876360
876361
876362
876363
876364
876365
876366
876367
876368
876369
876370
876371
876372
876373
876374
876375
876376
876377
876378
876379
876380
876381
876382
876383
876384
876385
876386
876387
876388
876389
876390
876391
876392
876393
876394
876395
876396
876397
876398
876399
876400
876401
876402
876403
876404
876405
876406
876407
876408
876409
876410
876411
876412
876413
876414
876415
876416
876417
876418
876419
876420
876421
876422
876423
876424
876425
876426
876427
876428
876429
876430
876431
876432
876433
876434
876435
876436
876437
876438
876439
876440
876441
876442
876443
876445
876446
876447
876448
876449
876450
876451
876452
876453
876454
876455
876456
876457
876458
876459
876460
876461
876462
876463
876464
876465
876466
876467
876468
876469
876470
876471
876472
876473
876474
876475
876476
876477
876478
876479
876480
876481
876482
876483
876484
876485
876486
876487
876488
876489
876490
876491
876492
876493
876494
876495
876496
876497
876498
876499
876500
876501
876502
876503
876504
876505
876506
876507
876508
876509
876510
876511
876512
876513
876514
876515
876516
876517
876518
876519
876520
876521
876522
876523
876524
876525
876526
876527
876528
876529
876530
876531
876532
876533
876534
876535
876536
876537
876538
876539
876540
876541
876542
876543
876544
876545
876546
876547
876548
876549
876550
876551
876552
876553
876554
876556
876557
876558
876559
876560
876561
876562
876563
876564
876565
876566
876567
876568
876569
876570
876571
876572
876573
876574
876575
876576
876577
876578
876579
876580
876581
876582
876583
876584
876585
876586
876587
876588
876589
876590
876591
876592
876593
876594
876595
876596
876597
876598
876599
876600
876601
876602
876603
876604
876605
876606
876607
876608
876609
876610
876611
876612
876613
876614
876615
876616
876617
876618
876619
876620
876621
876622
876623
876624
876625
876626
876627
876628
876629
876630
876631
876632
876633
876634
876635
876636
876637
876638
876639
876640
876641
876642
876643
876644
876645
876646
876647
876648
876649
876650
876651
876652
876653
876654
876655
876656
876657
876658
876659
876670
876671
876672
876673
876674
876675
876676
876677
876678
876679
876680
876681
876682
876683
876684
876685
876686
876687
876688
876689
876690
876691
876692
876693
876694
876695
876696
876697
876698
876699
876700
876701
876702
876703
876704
876705
876706
876707
876708
876709
876710
876711
876712
876713
876714
876715
876716
876717
876718
876719
876720
876721
876722
876723
876724
876725
876726
876727
876728
876729
876730
876731
876732
876733
876734
876735
876736
876737
876738
876739
876740
876741
876742
876743
876744
876745
876746
876747
876748
876749
876750
876751
876752
876753
876754
876755
876756
876757
876758
876759
876760
876761
876762
876763
876764
876765
876766
876767
876768
876769
876770
876771
876772
876773
876774
876775
876776
876778
876779
876780
876781
876782
876783
876784
876785
876786
876787
876788
876789
876790
876791
876792
876793
876794
876795
876796
876797
876798
876799
876800
876801
876802
876803
876804
876805
876806
876807
876808
876809
876810
876811
876812
876813
876814
876815
876816
876817
876818
876819
876820
876821
876822
876823
876824
876825
876826
876827
876828
876829
876830
876831
876832
876833
876834
876835
876836
876837
876838
876839
876840
876841
876842
876843
876844
876845
876846
876847
876848
876849
876850
876851
876852
876853
876854
876855
876856
876857
876858
876859
876860
876861
876862
876863
876864
876865
876866
876867
876868
876869
876870
876871
876872
876873
876874
876875
876876
876877
876878
876879
876880
876881
876882
876883
876884
876885
876886
876887
876889
876890
876891
876892
876893
876894
876895
876896
876897
876898
876899
876900
876901
876902
876903
876904
876905
876906
876907
876908
876909
876910
876911
876912
876913
876914
876915
876916
876917
876918
876919
876920
876921
876922
876923
876924
876925
876926
876927
876928
876929
876930
876931
876932
876933
876934
876935
876936
876937
876938
876939
876940
876941
876942
876943
876944
876945
876946
876947
876948
876949
876950
876951
876952
876953
876954
876955
876956
876957
876958
876959
876960
876961
876962
876963
876964
876965
876966
876967
876968
876969
876970
876971
876972
876973
876974
876975
876976
876977
876978
876979
876980
876981
876982
876983
876984
876985
876986
876987
876988
876989
876990
876991
876992
876993
876994
876995
876996
876997
876998
877001
877002
877003
877004
877005
877006
877007
877008
877009
877010
877011
877012
877013
877014
877015
877016
877017
877018
877019
877020
877021
877022
877023
877024
877025
877026
877027
877028
877029
877030
877031
877032
877033
877034
877035
877036
877037
877038
877039
877040
877041
877042
877043
877044
877045
877046
877047
877048
877049
877050
877051
877052
877053
877054
877055
877056
877057
877058
877059
877060
877061
877062
877063
877064
877065
877066
877067
877068
877069
877070
877071
877072
877073
877074
877075
877076
877077
877078
877079
877080
877081
877082
877083
877084
877085
877086
877087
877088
877089
877090
877091
877092
877093
877094
877095
877096
877097
877098
877099
877100
877101
877102
877103
877104
877105
877106
877107
877108
877109
877110
877112
877113
877114
877115
877116
877117
877118
877119
877120
877121
877122
877123
877124
877125
877126
877127
877128
877129
877130
877131
877132
877133
877134
877135
877136
877137
877138
877139
877140
877141
877142
877143
877144
877145
877146
877147
877148
877149
877150
877151
877152
877153
877154
877155
877156
877157
877158
877159
877160
877161
877162
877163
877164
877165
877166
877167
877168
877169
877170
877171
877172
877173
877174
877175
877176
877177
877178
877179
877180
877181
877182
877183
877184
877185
877186
877187
877188
877189
877190
877191
877192
877193
877194
877195
877196
877197
877198
877199
877200
877201
877202
877203
877204
877205
877206
877207
877208
877209
877210
877211
877212
877213
877214
877215
877216
877217
877218
877219
877220
877221
877223
877224
877225
877226
877227
877228
877229
877230
877231
877232
877233
877234
877235
877236
877237
877238
877239
877240
877241
877242
877243
877244
877245
877246
877247
877248
877249
877250
877251
877252
877253
877254
877255
877256
877257
877258
877259
877260
877261
877262
877263
877264
877265
877266
877267
877268
877269
877270
877271
877272
877273
877274
877275
877276
877277
877278
877279
877280
877281
877282
877283
877284
877285
877286
877287
877288
877289
877290
877291
877292
877293
877294
877295
877296
877297
877298
877299
877300
877301
877302
877303
877304
877305
877306
877307
877308
877309
877310
877311
877312
877313
877314
877315
877316
877317
877318
877319
877320
877321
877322
877323
877324
877325
877326
877327
877328
877329
877330
877331
877332
877334
877335
877336
877337
877338
877339
877340
877341
877342
877343
877344
877345
877346
877347
877348
877349
877350
877351
877352
877353
877354
877355
877356
877357
877358
877359
877360
877361
877362
877363
877364
877365
877366
877367
877368
877369
877370
877371
877372
877373
877374
877375
877376
877377
877378
877379
877380
877381
877382
877383
877384
877385
877386
877387
877388
877389
877390
877391
877392
877393
877394
877395
877396
877397
877398
877399
877400
877401
877402
877403
877404
877405
877406
877407
877408
877409
877410
877411
877412
877413
877414
877415
877416
877417
877418
877419
877420
877421
877422
877423
877424
877425
877426
877427
877428
877429
877430
877431
877432
877433
877434
877435
877436
877437
877438
877439
877440
877441
877442
877443
877445
