950173
950174
950175
950176
950177
950178
950179
950180
950181
950182
950183
950184
950185
950186
950187
950188
950189
950190
950191
950192
950193
950194
950195
950196
950197
950198
950199
950200
950201
950202
950203
950204
950205
950206
950207
950208
950209
950210
950211
950212
950213
950214
950215
950216
950217
950218
950219
950220
950221
950223
950224
950225
950226
950227
950228
950229
950230
950231
950232
950233
950234
950235
950236
950237
950238
950239
950240
950241
950242
950243
950244
950245
950246
950247
950248
950249
950250
950251
950252
950253
950254
950255
950256
950257
950258
950259
950260
950261
950262
950263
950264
950265
950266
950267
950268
950269
950270
950271
950272
950273
950274
950275
950276
950277
950278
950279
950280
950281
950282
950283
950284
950285
950286
950287
950288
950289
950290
950291
950292
950293
950294
950295
950296
950297
950298
950299
950300
950301
950302
950303
950304
950305
950306
950307
950308
950309
950310
950311
950312
950313
950314
950315
950316
950317
950318
950319
950320
950321
950322
950323
950324
950325
950326
950327
950328
950329
950330
950331
950332
950334
950335
950336
950337
950338
950339
950340
950341
950342
950343
950344
950345
950346
950347
950348
950349
950350
950351
950352
950353
950354
950355
950356
950357
950358
950359
950360
950361
950362
950363
950364
950365
950366
950367
950368
950369
950370
950371
950372
950373
950374
950375
950376
950377
950378
950379
950380
950381
950382
950383
950384
950385
950386
950387
950388
950389
950390
950391
950392
950393
950394
950395
950396
950397
950398
950399
950400
950401
950402
950403
950404
950405
950406
950407
950408
950409
950410
950411
950412
950413
950414
950415
950416
950417
950418
950419
950420
950421
950422
950423
950424
950425
950426
950427
950428
950429
950430
950431
950432
950433
950434
950435
950436
950437
950438
950439
950440
950441
950442
950443
950445
950446
950447
950448
950449
950450
950451
950452
950453
950454
950455
950456
950457
950458
950459
950460
950461
950462
950463
950464
950465
950466
950467
950468
950469
950470
950471
950472
950473
950474
950475
950476
950477
950478
950479
950480
950481
950482
950483
950484
950485
950486
950487
950488
950489
950490
950491
950492
950493
950494
950495
950496
950497
950498
950499
950500
950501
950502
950503
950504
950505
950506
950507
950508
950509
950510
950511
950512
950513
950514
950515
950516
950517
950518
950519
950520
950521
950522
950523
950524
950525
950526
950527
950528
950529
950530
950531
950532
950533
950534
950535
950536
950537
950538
950539
950540
950541
950542
950543
950544
950545
950546
950547
950548
950549
950550
950551
950552
950553
950554
950556
950557
950558
950559
950560
950561
950562
950563
950564
950565
950566
950567
950568
950569
950570
950571
950572
950573
950574
950575
950576
950577
950578
950579
950580
950581
950582
950583
950584
950585
950586
950587
950588
950589
950590
950591
950592
950593
950594
950595
950596
950597
950598
950599
950600
950601
950602
950603
950604
950605
950606
950607
950608
950609
950610
950611
950612
950613
950614
950615
950616
950617
950618
950619
950620
950621
950622
950623
950624
950625
950626
950627
950628
950629
950630
950631
950632
950633
950634
950635
950636
950637
950638
950639
950640
950641
950642
950643
950644
950645
950646
950647
950648
950649
950650
950651
950652
950653
950654
950655
950656
950657
950658
950659
950660
950661
950662
950663
950664
950665
950667
950668
950669
950670
950671
950672
950673
950674
950675
950676
950677
950678
950679
950680
950681
950682
950683
950684
950685
950686
950687
950688
950689
950690
950691
950692
950693
950694
950695
950696
950697
950698
950699
950700
950701
950702
950703
950704
950705
950706
950707
950708
950709
950710
950711
950712
950713
950714
950715
950716
950717
950718
950719
950720
950721
950722
950723
950724
950725
950726
950727
950728
950729
950730
950731
950732
950733
950734
950735
950736
950737
950738
950739
950740
950741
950742
950743
950744
950745
950746
950747
950748
950749
950750
950751
950752
950753
950754
950755
950756
950757
950758
950759
950760
950761
950762
950763
950764
950765
950766
950767
950768
950769
950770
950771
950772
950773
950774
950775
950776
950778
950779
950780
950781
950782
950783
950784
950785
950786
950787
950788
950789
950790
950791
950792
950793
950794
950795
950796
950797
950798
950799
950800
950801
950802
950803
950804
950805
950806
950807
950808
950809
950810
950811
950812
950813
950814
950815
950816
950817
950818
950819
950820
950821
950822
950823
950824
950825
950826
950827
950828
950829
950830
950831
950832
950833
950834
950835
950836
950837
950838
950839
950840
950841
950842
950843
950844
950845
950846
950847
950848
950849
950850
950851
950852
950853
950854
950855
950856
950857
950858
950859
950860
950861
950862
950863
950864
950865
950866
950867
950868
950869
950870
950871
950872
950873
950874
950875
950876
950877
950878
950879
950880
950881
950882
950883
950884
950885
950886
950887
950889
950890
950891
950892
950893
950894
950895
950896
950897
950898
950899
950900
950901
950902
950903
950904
950905
950906
950907
950908
950909
950910
950911
950912
950913
950914
950915
950916
950917
950918
950919
950920
950921
950922
950923
950924
950925
950926
950927
950928
950929
950930
950931
950932
950933
950934
950935
950936
950937
950938
950939
950940
950941
950942
950943
950944
950945
950946
950947
950948
950949
950950
950951
950952
950953
950954
950955
950956
950957
950958
950959
950960
950961
950962
950963
950964
950965
950966
950967
950968
950969
950970
950971
950972
950973
950974
950975
950976
950977
950978
950979
950980
950981
950982
950983
950984
950985
950986
950987
950988
950989
950990
950991
950992
950993
950994
950995
950996
950997
950998
951001
951002
951003
951004
951005
951006
951007
951008
951009
951010
951011
951012
951013
951014
951015
951016
951017
951018
951019
951020
951021
951022
951023
951024
951025
951026
951027
951028
951029
951030
951031
951032
951033
951034
951035
951036
951037
951038
951039
951040
951041
951042
951043
951044
951045
951046
951047
951048
951049
951050
951051
951052
951053
951054
951055
951056
951057
951058
951059
951060
951061
951062
951063
951064
951065
951066
951067
951068
951069
951070
951071
951072
951073
951074
951075
951076
951077
951078
951079
951080
951081
951082
951083
951084
951085
951086
951087
951088
951089
951090
951091
951092
951093
951094
951095
951096
951097
951098
951099
951100
951101
951102
951103
951104
951105
951106
951107
951108
951109
951120
951121
951122
951123
951124
951125
951126
951127
951128
951129
951130
951131
951132
951133
951134
951135
951136
951137
951138
951139
951140
951141
951142
951143
951144
951145
951146
951147
951148
951149
951150
951151
951152
951153
951154
951155
951156
951157
951158
951159
951160
951161
951162
951163
951164
951165
951166
951167
951168
951169
951170
951171
951172
951173
951174
951175
951176
951177
951178
951179
951180
951181
951182
951183
951184
951185
951186
951187
951188
951189
951190
951191
951192
951193
951194
951195
951196
951197
951198
951199
951200
951201
951202
951203
951204
951205
951206
951207
951208
951209
951210
951211
951212
951213
951214
951215
951216
951217
951218
951219
951220
951221
951223
951224
951225
951226
951227
951228
951229
951230
951231
951232
951233
951234
951235
951236
951237
951238
951239
951240
951241
951242
951243
951244
951245
951246
951247
951248
951249
951250
951251
951252
951253
951254
951255
951256
951257
951258
951259
951260
951261
951262
951263
951264
951265
951266
951267
951268
951269
951270
951271
951272
951273
951274
951275
951276
951277
951278
951279
951280
951281
951282
951283
951284
951285
951286
951287
951288
951289
951290
951291
951292
951293
951294
951295
951296
951297
951298
951299
951300
951301
951302
951303
951304
951305
951306
951307
951308
951309
951310
951311
951312
951313
951314
951315
951316
951317
951318
951319
951320
951321
951322
951323
951324
951325
951326
951327
951328
951329
951330
951331
951332
951334
951335
951336
