878700
878701
878702
878703
878704
878705
878706
878707
878708
878709
878710
878711
878712
878713
878714
878715
878716
878717
878718
878719
878720
878721
878722
878723
878724
878725
878726
878727
878728
878729
878730
878731
878732
878733
878734
878735
878736
878737
878738
878739
878740
878741
878742
878743
878744
878745
878746
878747
878748
878749
878750
878751
878752
878753
878754
878755
878756
878757
878758
878759
878760
878761
878762
878763
878764
878765
878766
878767
878768
878769
878770
878771
878772
878773
878774
878775
878776
878778
878779
878780
878781
878782
878783
878784
878785
878786
878787
878788
878789
878790
878791
878792
878793
878794
878795
878796
878797
878798
878799
878800
878801
878802
878803
878804
878805
878806
878807
878808
878809
878810
878811
878812
878813
878814
878815
878816
878817
878818
878819
878820
878821
878822
878823
878824
878825
878826
878827
878828
878829
878830
878831
878832
878833
878834
878835
878836
878837
878838
878839
878840
878841
878842
878843
878844
878845
878846
878847
878848
878849
878850
878851
878852
878853
878854
878855
878856
878857
878858
878859
878860
878861
878862
878863
878864
878865
878866
878867
878868
878869
878870
878871
878872
878873
878874
878875
878876
878877
878878
878879
878890
878891
878892
878893
878894
878895
878896
878897
878898
878899
878900
878901
878902
878903
878904
878905
878906
878907
878908
878909
878910
878911
878912
878913
878914
878915
878916
878917
878918
878919
878920
878921
878922
878923
878924
878925
878926
878927
878928
878929
878930
878931
878932
878933
878934
878935
878936
878937
878938
878939
878940
878941
878942
878943
878944
878945
878946
878947
878948
878949
878950
878951
878952
878953
878954
878955
878956
878957
878958
878959
878960
878961
878962
878963
878964
878965
878966
878967
878968
878969
878970
878971
878972
878973
878974
878975
878976
878977
878978
878979
878980
878981
878982
878983
878984
878985
878986
878987
878988
878989
878990
878991
878992
878993
878994
878995
878996
878997
878998
879001
879002
879003
879004
879005
879006
879007
879008
879009
879010
879011
879012
879013
879014
879015
879016
879017
879018
879019
879020
879021
879022
879023
879024
879025
879026
879027
879028
879029
879030
879031
879032
879033
879034
879035
879036
879037
879038
879039
879040
879041
879042
879043
879044
879045
879046
879047
879048
879049
879050
879051
879052
879053
879054
879055
879056
879057
879058
879059
879060
879061
879062
879063
879064
879065
879066
879067
879068
879069
879070
879071
879072
879073
879074
879075
879076
879077
879078
879079
879080
879081
879082
879083
879084
879085
879086
879087
879088
879089
879090
879091
879092
879093
879094
879095
879096
879097
879098
879099
879100
879101
879102
879103
879104
879105
879106
879107
879108
879109
879110
879112
879113
879114
879115
879116
879117
879118
879119
879120
879121
879122
879123
879124
879125
879126
879127
879128
879129
879130
879131
879132
879133
879134
879135
879136
879137
879138
879139
879140
879141
879142
879143
879144
879145
879146
879147
879148
879149
879150
879151
879152
879153
879154
879155
879156
879157
879158
879159
879160
879161
879162
879163
879164
879165
879166
879167
879168
879169
879170
879171
879172
879173
879174
879175
879176
879177
879178
879179
879180
879181
879182
879183
879184
879185
879186
879187
879188
879189
879190
879191
879192
879193
879194
879195
879196
879197
879198
879199
879200
879201
879202
879203
879204
879205
879206
879207
879208
879209
879210
879211
879212
879213
879214
879215
879216
879217
879218
879219
879220
879221
879223
879224
879225
879226
879227
879228
879229
879230
879231
879232
879233
879234
879235
879236
879237
879238
879239
879240
879241
879242
879243
879244
879245
879246
879247
879248
879249
879250
879251
879252
879253
879254
879255
879256
879257
879258
879259
879260
879261
879262
879263
879264
879265
879266
879267
879268
879269
879270
879271
879272
879273
879274
879275
879276
879277
879278
879279
879280
879281
879282
879283
879284
879285
879286
879287
879288
879289
879290
879291
879292
879293
879294
879295
879296
879297
879298
879299
879300
879301
879302
879303
879304
879305
879306
879307
879308
879309
879310
879311
879312
879313
879314
879315
879316
879317
879318
879319
879320
879321
879322
879323
879324
879325
879326
879327
879328
879329
879330
879331
879332
879334
879335
879336
879337
879338
879339
879340
879341
879342
879343
879344
879345
879346
879347
879348
879349
879350
879351
879352
879353
879354
879355
879356
879357
879358
879359
879360
879361
879362
879363
879364
879365
879366
879367
879368
879369
879370
879371
879372
879373
879374
879375
879376
879377
879378
879379
879380
879381
879382
879383
879384
879385
879386
879387
879388
879389
879390
879391
879392
879393
879394
879395
879396
879397
879398
879399
879400
879401
879402
879403
879404
879405
879406
879407
879408
879409
879410
879411
879412
879413
879414
879415
879416
879417
879418
879419
879420
879421
879422
879423
879424
879425
879426
879427
879428
879429
879430
879431
879432
879433
879434
879435
879436
879437
879438
879439
879440
879441
879442
879443
879445
879446
879447
879448
879449
879450
879451
879452
879453
879454
879455
879456
879457
879458
879459
879460
879461
879462
879463
879464
879465
879466
879467
879468
879469
879470
879471
879472
879473
879474
879475
879476
879477
879478
879479
879480
879481
879482
879483
879484
879485
879486
879487
879488
879489
879490
879491
879492
879493
879494
879495
879496
879497
879498
879499
879500
879501
879502
879503
879504
879505
879506
879507
879508
879509
879510
879511
879512
879513
879514
879515
879516
879517
879518
879519
879520
879521
879522
879523
879524
879525
879526
879527
879528
879529
879530
879531
879532
879533
879534
879535
879536
879537
879538
879539
879540
879541
879542
879543
879544
879545
879546
879547
879548
879549
879550
879551
879552
879553
879554
879556
879557
879558
879559
879560
879561
879562
879563
879564
879565
879566
879567
879568
879569
879570
879571
879572
879573
879574
879575
879576
879577
879578
879579
879580
879581
879582
879583
879584
879585
879586
879587
879588
879589
879590
879591
879592
879593
879594
879595
879596
879597
879598
879599
879600
879601
879602
879603
879604
879605
879606
879607
879608
879609
879610
879611
879612
879613
879614
879615
879616
879617
879618
879619
879620
879621
879622
879623
879624
879625
879626
879627
879628
879629
879630
879631
879632
879633
879634
879635
879636
879637
879638
879639
879640
879641
879642
879643
879644
879645
879646
879647
879648
879649
879650
879651
879652
879653
879654
879655
879656
879657
879658
879659
879660
879661
879662
879663
879664
879665
879667
879668
879669
879670
879671
879672
879673
879674
879675
879676
879677
879678
879679
879680
879681
879682
879683
879684
879685
879686
879687
879688
879689
879690
879691
879692
879693
879694
879695
879696
879697
879698
879699
879700
879701
879702
879703
879704
879705
879706
879707
879708
879709
879710
879711
879712
879713
879714
879715
879716
879717
879718
879719
879720
879721
879722
879723
879724
879725
879726
879727
879728
879729
879730
879731
879732
879733
879734
879735
879736
879737
879738
879739
879740
879741
879742
879743
879744
879745
879746
879747
879748
879749
879750
879751
879752
879753
879754
879755
879756
879757
879758
879759
879760
879761
879762
879763
879764
879765
879766
879767
879768
879769
879770
879771
879772
879773
879774
879775
879776
879778
879779
879780
879781
879782
879783
879784
879785
879786
879787
879788
879789
879790
879791
879792
879793
879794
879795
879796
879797
879798
879799
879800
879801
879802
879803
879804
879805
879806
879807
879808
879809
879810
879811
879812
879813
879814
879815
879816
879817
879818
879819
879820
879821
879822
879823
879824
879825
879826
879827
879828
879829
879830
879831
879832
879833
879834
879835
879836
879837
879838
879839
879840
879841
879842
879843
879844
879845
879846
879847
879848
879849
879850
879851
879852
879853
879854
879855
879856
879857
879858
879859
879860
879861
879862
