881037
881038
881039
881040
881041
881042
881043
881044
881045
881046
881047
881048
881049
881050
881051
881052
881053
881054
881055
881056
881057
881058
881059
881060
881061
881062
881063
881064
881065
881066
881067
881068
881069
881070
881071
881072
881073
881074
881075
881076
881077
881078
881079
881080
881081
881082
881083
881084
881085
881086
881087
881088
881089
881090
881091
881092
881093
881094
881095
881096
881097
881098
881099
881100
881101
881102
881103
881104
881105
881106
881107
881108
881109
881120
881121
881122
881123
881124
881125
881126
881127
881128
881129
881130
881131
881132
881133
881134
881135
881136
881137
881138
881139
881140
881141
881142
881143
881144
881145
881146
881147
881148
881149
881150
881151
881152
881153
881154
881155
881156
881157
881158
881159
881160
881161
881162
881163
881164
881165
881166
881167
881168
881169
881170
881171
881172
881173
881174
881175
881176
881177
881178
881179
881180
881181
881182
881183
881184
881185
881186
881187
881188
881189
881190
881191
881192
881193
881194
881195
881196
881197
881198
881199
881200
881201
881202
881203
881204
881205
881206
881207
881208
881209
881210
881211
881212
881213
881214
881215
881216
881217
881218
881219
881220
881221
881223
881224
881225
881226
881227
881228
881229
881230
881231
881232
881233
881234
881235
881236
881237
881238
881239
881240
881241
881242
881243
881244
881245
881246
881247
881248
881249
881250
881251
881252
881253
881254
881255
881256
881257
881258
881259
881260
881261
881262
881263
881264
881265
881266
881267
881268
881269
881270
881271
881272
881273
881274
881275
881276
881277
881278
881279
881280
881281
881282
881283
881284
881285
881286
881287
881288
881289
881290
881291
881292
881293
881294
881295
881296
881297
881298
881299
881300
881301
881302
881303
881304
881305
881306
881307
881308
881309
881310
881311
881312
881313
881314
881315
881316
881317
881318
881319
881320
881321
881322
881323
881324
881325
881326
881327
881328
881329
881330
881331
881332
881334
881335
881336
881337
881338
881339
881340
881341
881342
881343
881344
881345
881346
881347
881348
881349
881350
881351
881352
881353
881354
881355
881356
881357
881358
881359
881360
881361
881362
881363
881364
881365
881366
881367
881368
881369
881370
881371
881372
881373
881374
881375
881376
881377
881378
881379
881380
881381
881382
881383
881384
881385
881386
881387
881388
881389
881390
881391
881392
881393
881394
881395
881396
881397
881398
881399
881400
881401
881402
881403
881404
881405
881406
881407
881408
881409
881410
881411
881412
881413
881414
881415
881416
881417
881418
881419
881420
881421
881422
881423
881424
881425
881426
881427
881428
881429
881430
881431
881432
881433
881434
881435
881436
881437
881438
881439
881440
881441
881442
881443
881445
881446
881447
881448
881449
881450
881451
881452
881453
881454
881455
881456
881457
881458
881459
881460
881461
881462
881463
881464
881465
881466
881467
881468
881469
881470
881471
881472
881473
881474
881475
881476
881477
881478
881479
881480
881481
881482
881483
881484
881485
881486
881487
881488
881489
881490
881491
881492
881493
881494
881495
881496
881497
881498
881499
881500
881501
881502
881503
881504
881505
881506
881507
881508
881509
881510
881511
881512
881513
881514
881515
881516
881517
881518
881519
881520
881521
881522
881523
881524
881525
881526
881527
881528
881529
881530
881531
881532
881533
881534
881535
881536
881537
881538
881539
881540
881541
881542
881543
881544
881545
881546
881547
881548
881549
881550
881551
881552
881553
881554
881556
881557
881558
881559
881560
881561
881562
881563
881564
881565
881566
881567
881568
881569
881570
881571
881572
881573
881574
881575
881576
881577
881578
881579
881580
881581
881582
881583
881584
881585
881586
881587
881588
881589
881590
881591
881592
881593
881594
881595
881596
881597
881598
881599
881600
881601
881602
881603
881604
881605
881606
881607
881608
881609
881610
881611
881612
881613
881614
881615
881616
881617
881618
881619
881620
881621
881622
881623
881624
881625
881626
881627
881628
881629
881630
881631
881632
881633
881634
881635
881636
881637
881638
881639
881640
881641
881642
881643
881644
881645
881646
881647
881648
881649
881650
881651
881652
881653
881654
881655
881656
881657
881658
881659
881660
881661
881662
881663
881664
881665
881667
881668
881669
881670
881671
881672
881673
881674
881675
881676
881677
881678
881679
881680
881681
881682
881683
881684
881685
881686
881687
881688
881689
881690
881691
881692
881693
881694
881695
881696
881697
881698
881699
881700
881701
881702
881703
881704
881705
881706
881707
881708
881709
881710
881711
881712
881713
881714
881715
881716
881717
881718
881719
881720
881721
881722
881723
881724
881725
881726
881727
881728
881729
881730
881731
881732
881733
881734
881735
881736
881737
881738
881739
881740
881741
881742
881743
881744
881745
881746
881747
881748
881749
881750
881751
881752
881753
881754
881755
881756
881757
881758
881759
881760
881761
881762
881763
881764
881765
881766
881767
881768
881769
881770
881771
881772
881773
881774
881775
881776
881778
881779
881780
881781
881782
881783
881784
881785
881786
881787
881788
881789
881790
881791
881792
881793
881794
881795
881796
881797
881798
881799
881800
881801
881802
881803
881804
881805
881806
881807
881808
881809
881810
881811
881812
881813
881814
881815
881816
881817
881818
881819
881820
881821
881822
881823
881824
881825
881826
881827
881828
881829
881830
881831
881832
881833
881834
881835
881836
881837
881838
881839
881840
881841
881842
881843
881844
881845
881846
881847
881848
881849
881850
881851
881852
881853
881854
881855
881856
881857
881858
881859
881860
881861
881862
881863
881864
881865
881866
881867
881868
881869
881870
881871
881872
881873
881874
881875
881876
881877
881878
881879
881880
881881
881882
881883
881884
881885
881886
881887
881889
881890
881891
881892
881893
881894
881895
881896
881897
881898
881899
881900
881901
881902
881903
881904
881905
881906
881907
881908
881909
881910
881911
881912
881913
881914
881915
881916
881917
881918
881919
881920
881921
881922
881923
881924
881925
881926
881927
881928
881929
881930
881931
881932
881933
881934
881935
881936
881937
881938
881939
881940
881941
881942
881943
881944
881945
881946
881947
881948
881949
881950
881951
881952
881953
881954
881955
881956
881957
881958
881959
881960
881961
881962
881963
881964
881965
881966
881967
881968
881969
881970
881971
881972
881973
881974
881975
881976
881977
881978
881979
881980
881981
881982
881983
881984
881985
881986
881987
881988
881989
881990
881991
881992
881993
881994
881995
881996
881997
881998
882001
882002
882003
882004
882005
882006
882007
882008
882009
882010
882011
882012
882013
882014
882015
882016
882017
882018
882019
882020
882021
882022
882023
882024
882025
882026
882027
882028
882029
882030
882031
882032
882033
882034
882035
882036
882037
882038
882039
882040
882041
882042
882043
882044
882045
882046
882047
882048
882049
882050
882051
882052
882053
882054
882055
882056
882057
882058
882059
882060
882061
882062
882063
882064
882065
882066
882067
882068
882069
882070
882071
882072
882073
882074
882075
882076
882077
882078
882079
882080
882081
882082
882083
882084
882085
882086
882087
882088
882089
882090
882091
882092
882093
882094
882095
882096
882097
882098
882099
882100
882101
882102
882103
882104
882105
882106
882107
882108
882109
882110
882112
882113
882114
882115
882116
882117
882118
882119
882120
882121
882122
882123
882124
882125
882126
882127
882128
882129
882130
882131
882132
882133
882134
882135
882136
882137
882138
882139
882140
882141
882142
882143
882144
882145
882146
882147
882148
882149
882150
882151
882152
882153
882154
882155
882156
882157
882158
882159
882160
882161
882162
882163
882164
882165
882166
882167
882168
882169
882170
882171
882172
882173
882174
882175
882176
882177
882178
882179
882180
882181
882182
882183
882184
882185
882186
882187
882188
882189
882190
882191
882192
882193
882194
882195
882196
882197
882198
882199
