882200
882201
882202
882203
882204
882205
882206
882207
882208
882209
882210
882211
882212
882213
882214
882215
882216
882217
882218
882219
882230
882231
882232
882233
882234
882235
882236
882237
882238
882239
882240
882241
882242
882243
882244
882245
882246
882247
882248
882249
882250
882251
882252
882253
882254
882255
882256
882257
882258
882259
882260
882261
882262
882263
882264
882265
882266
882267
882268
882269
882270
882271
882272
882273
882274
882275
882276
882277
882278
882279
882280
882281
882282
882283
882284
882285
882286
882287
882288
882289
882290
882291
882292
882293
882294
882295
882296
882297
882298
882299
882300
882301
882302
882303
882304
882305
882306
882307
882308
882309
882310
882311
882312
882313
882314
882315
882316
882317
882318
882319
882320
882321
882322
882323
882324
882325
882326
882327
882328
882329
882330
882331
882332
882334
882335
882336
882337
882338
882339
882340
882341
882342
882343
882344
882345
882346
882347
882348
882349
882350
882351
882352
882353
882354
882355
882356
882357
882358
882359
882360
882361
882362
882363
882364
882365
882366
882367
882368
882369
882370
882371
882372
882373
882374
882375
882376
882377
882378
882379
882380
882381
882382
882383
882384
882385
882386
882387
882388
882389
882390
882391
882392
882393
882394
882395
882396
882397
882398
882399
882400
882401
882402
882403
882404
882405
882406
882407
882408
882409
882410
882411
882412
882413
882414
882415
882416
882417
882418
882419
882420
882421
882422
882423
882424
882425
882426
882427
882428
882429
882430
882431
882432
882433
882434
882435
882436
882437
882438
882439
882440
882441
882442
882443
882445
882446
882447
882448
882449
882450
882451
882452
882453
882454
882455
882456
882457
882458
882459
882460
882461
882462
882463
882464
882465
882466
882467
882468
882469
882470
882471
882472
882473
882474
882475
882476
882477
882478
882479
882480
882481
882482
882483
882484
882485
882486
882487
882488
882489
882490
882491
882492
882493
882494
882495
882496
882497
882498
882499
882500
882501
882502
882503
882504
882505
882506
882507
882508
882509
882510
882511
882512
882513
882514
882515
882516
882517
882518
882519
882520
882521
882522
882523
882524
882525
882526
882527
882528
882529
882530
882531
882532
882533
882534
882535
882536
882537
882538
882539
882540
882541
882542
882543
882544
882545
882546
882547
882548
882549
882550
882551
882552
882553
882554
882556
882557
882558
882559
882560
882561
882562
882563
882564
882565
882566
882567
882568
882569
882570
882571
882572
882573
882574
882575
882576
882577
882578
882579
882580
882581
882582
882583
882584
882585
882586
882587
882588
882589
882590
882591
882592
882593
882594
882595
882596
882597
882598
882599
882600
882601
882602
882603
882604
882605
882606
882607
882608
882609
882610
882611
882612
882613
882614
882615
882616
882617
882618
882619
882620
882621
882622
882623
882624
882625
882626
882627
882628
882629
882630
882631
882632
882633
882634
882635
882636
882637
882638
882639
882640
882641
882642
882643
882644
882645
882646
882647
882648
882649
882650
882651
882652
882653
882654
882655
882656
882657
882658
882659
882660
882661
882662
882663
882664
882665
882667
882668
882669
882670
882671
882672
882673
882674
882675
882676
882677
882678
882679
882680
882681
882682
882683
882684
882685
882686
882687
882688
882689
882690
882691
882692
882693
882694
882695
882696
882697
882698
882699
882700
882701
882702
882703
882704
882705
882706
882707
882708
882709
882710
882711
882712
882713
882714
882715
882716
882717
882718
882719
882720
882721
882722
882723
882724
882725
882726
882727
882728
882729
882730
882731
882732
882733
882734
882735
882736
882737
882738
882739
882740
882741
882742
882743
882744
882745
882746
882747
882748
882749
882750
882751
882752
882753
882754
882755
882756
882757
882758
882759
882760
882761
882762
882763
882764
882765
882766
882767
882768
882769
882770
882771
882772
882773
882774
882775
882776
882778
882779
882780
882781
882782
882783
882784
882785
882786
882787
882788
882789
882790
882791
882792
882793
882794
882795
882796
882797
882798
882799
882800
882801
882802
882803
882804
882805
882806
882807
882808
882809
882810
882811
882812
882813
882814
882815
882816
882817
882818
882819
882820
882821
882822
882823
882824
882825
882826
882827
882828
882829
882830
882831
882832
882833
882834
882835
882836
882837
882838
882839
882840
882841
882842
882843
882844
882845
882846
882847
882848
882849
882850
882851
882852
882853
882854
882855
882856
882857
882858
882859
882860
882861
882862
882863
882864
882865
882866
882867
882868
882869
882870
882871
882872
882873
882874
882875
882876
882877
882878
882879
882880
882881
882882
882883
882884
882885
882886
882887
882889
882890
882891
882892
882893
882894
882895
882896
882897
882898
882899
882900
882901
882902
882903
882904
882905
882906
882907
882908
882909
882910
882911
882912
882913
882914
882915
882916
882917
882918
882919
882920
882921
882922
882923
882924
882925
882926
882927
882928
882929
882930
882931
882932
882933
882934
882935
882936
882937
882938
882939
882940
882941
882942
882943
882944
882945
882946
882947
882948
882949
882950
882951
882952
882953
882954
882955
882956
882957
882958
882959
882960
882961
882962
882963
882964
882965
882966
882967
882968
882969
882970
882971
882972
882973
882974
882975
882976
882977
882978
882979
882980
882981
882982
882983
882984
882985
882986
882987
882988
882989
882990
882991
882992
882993
882994
882995
882996
882997
882998
883001
883002
883003
883004
883005
883006
883007
883008
883009
883010
883011
883012
883013
883014
883015
883016
883017
883018
883019
883020
883021
883022
883023
883024
883025
883026
883027
883028
883029
883030
883031
883032
883033
883034
883035
883036
883037
883038
883039
883040
883041
883042
883043
883044
883045
883046
883047
883048
883049
883050
883051
883052
883053
883054
883055
883056
883057
883058
883059
883060
883061
883062
883063
883064
883065
883066
883067
883068
883069
883070
883071
883072
883073
883074
883075
883076
883077
883078
883079
883080
883081
883082
883083
883084
883085
883086
883087
883088
883089
883090
883091
883092
883093
883094
883095
883096
883097
883098
883099
883100
883101
883102
883103
883104
883105
883106
883107
883108
883109
883110
883112
883113
883114
883115
883116
883117
883118
883119
883120
883121
883122
883123
883124
883125
883126
883127
883128
883129
883130
883131
883132
883133
883134
883135
883136
883137
883138
883139
883140
883141
883142
883143
883144
883145
883146
883147
883148
883149
883150
883151
883152
883153
883154
883155
883156
883157
883158
883159
883160
883161
883162
883163
883164
883165
883166
883167
883168
883169
883170
883171
883172
883173
883174
883175
883176
883177
883178
883179
883180
883181
883182
883183
883184
883185
883186
883187
883188
883189
883190
883191
883192
883193
883194
883195
883196
883197
883198
883199
883200
883201
883202
883203
883204
883205
883206
883207
883208
883209
883210
883211
883212
883213
883214
883215
883216
883217
883218
883219
883220
883221
883223
883224
883225
883226
883227
883228
883229
883230
883231
883232
883233
883234
883235
883236
883237
883238
883239
883240
883241
883242
883243
883244
883245
883246
883247
883248
883249
883250
883251
883252
883253
883254
883255
883256
883257
883258
883259
883260
883261
883262
883263
883264
883265
883266
883267
883268
883269
883270
883271
883272
883273
883274
883275
883276
883277
883278
883279
883280
883281
883282
883283
883284
883285
883286
883287
883288
883289
883290
883291
883292
883293
883294
883295
883296
883297
883298
883299
883300
883301
883302
883303
883304
883305
883306
883307
883308
883309
883310
883311
883312
883313
883314
883315
883316
883317
883318
883319
883320
883321
883322
883323
883324
883325
883326
883327
883328
883329
883340
883341
883342
883343
883344
883345
883346
883347
883348
883349
883350
883351
883352
883353
883354
883355
883356
883357
883358
883359
883360
883361
883362
883363
883364
883365
883366
883367
883368
883369
883370
883371
883372
