883373
883374
883375
883376
883377
883378
883379
883380
883381
883382
883383
883384
883385
883386
883387
883388
883389
883390
883391
883392
883393
883394
883395
883396
883397
883398
883399
883400
883401
883402
883403
883404
883405
883406
883407
883408
883409
883410
883411
883412
883413
883414
883415
883416
883417
883418
883419
883420
883421
883422
883423
883424
883425
883426
883427
883428
883429
883430
883431
883432
883433
883434
883435
883436
883437
883438
883439
883440
883441
883442
883443
883445
883446
883447
883448
883449
883450
883451
883452
883453
883454
883455
883456
883457
883458
883459
883460
883461
883462
883463
883464
883465
883466
883467
883468
883469
883470
883471
883472
883473
883474
883475
883476
883477
883478
883479
883480
883481
883482
883483
883484
883485
883486
883487
883488
883489
883490
883491
883492
883493
883494
883495
883496
883497
883498
883499
883500
883501
883502
883503
883504
883505
883506
883507
883508
883509
883510
883511
883512
883513
883514
883515
883516
883517
883518
883519
883520
883521
883522
883523
883524
883525
883526
883527
883528
883529
883530
883531
883532
883533
883534
883535
883536
883537
883538
883539
883540
883541
883542
883543
883544
883545
883546
883547
883548
883549
883550
883551
883552
883553
883554
883556
883557
883558
883559
883560
883561
883562
883563
883564
883565
883566
883567
883568
883569
883570
883571
883572
883573
883574
883575
883576
883577
883578
883579
883580
883581
883582
883583
883584
883585
883586
883587
883588
883589
883590
883591
883592
883593
883594
883595
883596
883597
883598
883599
883600
883601
883602
883603
883604
883605
883606
883607
883608
883609
883610
883611
883612
883613
883614
883615
883616
883617
883618
883619
883620
883621
883622
883623
883624
883625
883626
883627
883628
883629
883630
883631
883632
883633
883634
883635
883636
883637
883638
883639
883640
883641
883642
883643
883644
883645
883646
883647
883648
883649
883650
883651
883652
883653
883654
883655
883656
883657
883658
883659
883660
883661
883662
883663
883664
883665
883667
883668
883669
883670
883671
883672
883673
883674
883675
883676
883677
883678
883679
883680
883681
883682
883683
883684
883685
883686
883687
883688
883689
883690
883691
883692
883693
883694
883695
883696
883697
883698
883699
883700
883701
883702
883703
883704
883705
883706
883707
883708
883709
883710
883711
883712
883713
883714
883715
883716
883717
883718
883719
883720
883721
883722
883723
883724
883725
883726
883727
883728
883729
883730
883731
883732
883733
883734
883735
883736
883737
883738
883739
883740
883741
883742
883743
883744
883745
883746
883747
883748
883749
883750
883751
883752
883753
883754
883755
883756
883757
883758
883759
883760
883761
883762
883763
883764
883765
883766
883767
883768
883769
883770
883771
883772
883773
883774
883775
883776
883778
883779
883780
883781
883782
883783
883784
883785
883786
883787
883788
883789
883790
883791
883792
883793
883794
883795
883796
883797
883798
883799
883800
883801
883802
883803
883804
883805
883806
883807
883808
883809
883810
883811
883812
883813
883814
883815
883816
883817
883818
883819
883820
883821
883822
883823
883824
883825
883826
883827
883828
883829
883830
883831
883832
883833
883834
883835
883836
883837
883838
883839
883840
883841
883842
883843
883844
883845
883846
883847
883848
883849
883850
883851
883852
883853
883854
883855
883856
883857
883858
883859
883860
883861
883862
883863
883864
883865
883866
883867
883868
883869
883870
883871
883872
883873
883874
883875
883876
883877
883878
883879
883880
883881
883882
883883
883884
883885
883886
883887
883889
883890
883891
883892
883893
883894
883895
883896
883897
883898
883899
883900
883901
883902
883903
883904
883905
883906
883907
883908
883909
883910
883911
883912
883913
883914
883915
883916
883917
883918
883919
883920
883921
883922
883923
883924
883925
883926
883927
883928
883929
883930
883931
883932
883933
883934
883935
883936
883937
883938
883939
883940
883941
883942
883943
883944
883945
883946
883947
883948
883949
883950
883951
883952
883953
883954
883955
883956
883957
883958
883959
883960
883961
883962
883963
883964
883965
883966
883967
883968
883969
883970
883971
883972
883973
883974
883975
883976
883977
883978
883979
883980
883981
883982
883983
883984
883985
883986
883987
883988
883989
883990
883991
883992
883993
883994
883995
883996
883997
883998
884001
884002
884003
884004
884005
884006
884007
884008
884009
884010
884011
884012
884013
884014
884015
884016
884017
884018
884019
884020
884021
884022
884023
884024
884025
884026
884027
884028
884029
884030
884031
884032
884033
884034
884035
884036
884037
884038
884039
884040
884041
884042
884043
884044
884045
884046
884047
884048
884049
884050
884051
884052
884053
884054
884055
884056
884057
884058
884059
884060
884061
884062
884063
884064
884065
884066
884067
884068
884069
884070
884071
884072
884073
884074
884075
884076
884077
884078
884079
884080
884081
884082
884083
884084
884085
884086
884087
884088
884089
884090
884091
884092
884093
884094
884095
884096
884097
884098
884099
884100
884101
884102
884103
884104
884105
884106
884107
884108
884109
884110
884112
884113
884114
884115
884116
884117
884118
884119
884120
884121
884122
884123
884124
884125
884126
884127
884128
884129
884130
884131
884132
884133
884134
884135
884136
884137
884138
884139
884140
884141
884142
884143
884144
884145
884146
884147
884148
884149
884150
884151
884152
884153
884154
884155
884156
884157
884158
884159
884160
884161
884162
884163
884164
884165
884166
884167
884168
884169
884170
884171
884172
884173
884174
884175
884176
884177
884178
884179
884180
884181
884182
884183
884184
884185
884186
884187
884188
884189
884190
884191
884192
884193
884194
884195
884196
884197
884198
884199
884200
884201
884202
884203
884204
884205
884206
884207
884208
884209
884210
884211
884212
884213
884214
884215
884216
884217
884218
884219
884220
884221
884223
884224
884225
884226
884227
884228
884229
884230
884231
884232
884233
884234
884235
884236
884237
884238
884239
884240
884241
884242
884243
884244
884245
884246
884247
884248
884249
884250
884251
884252
884253
884254
884255
884256
884257
884258
884259
884260
884261
884262
884263
884264
884265
884266
884267
884268
884269
884270
884271
884272
884273
884274
884275
884276
884277
884278
884279
884280
884281
884282
884283
884284
884285
884286
884287
884288
884289
884290
884291
884292
884293
884294
884295
884296
884297
884298
884299
884300
884301
884302
884303
884304
884305
884306
884307
884308
884309
884310
884311
884312
884313
884314
884315
884316
884317
884318
884319
884320
884321
884322
884323
884324
884325
884326
884327
884328
884329
884330
884331
884332
884334
884335
884336
884337
884338
884339
884340
884341
884342
884343
884344
884345
884346
884347
884348
884349
884350
884351
884352
884353
884354
884355
884356
884357
884358
884359
884360
884361
884362
884363
884364
884365
884366
884367
884368
884369
884370
884371
884372
884373
884374
884375
884376
884377
884378
884379
884380
884381
884382
884383
884384
884385
884386
884387
884388
884389
884390
884391
884392
884393
884394
884395
884396
884397
884398
884399
884400
884401
884402
884403
884404
884405
884406
884407
884408
884409
884410
884411
884412
884413
884414
884415
884416
884417
884418
884419
884420
884421
884422
884423
884424
884425
884426
884427
884428
884429
884430
884431
884432
884433
884434
884435
884436
884437
884438
884439
884450
884451
884452
884453
884454
884455
884456
884457
884458
884459
884460
884461
884462
884463
884464
884465
884466
884467
884468
884469
884470
884471
884472
884473
884474
884475
884476
884477
884478
884479
884480
884481
884482
884483
884484
884485
884486
884487
884488
884489
884490
884491
884492
884493
884494
884495
884496
884497
884498
884499
884500
884501
884502
884503
884504
884505
884506
884507
884508
884509
884510
884511
884512
884513
884514
884515
884516
884517
884518
884519
884520
884521
884522
884523
884524
884525
884526
884527
884528
884529
884530
884531
884532
884533
884534
884535
