884536
884537
884538
884539
884540
884541
884542
884543
884544
884545
884546
884547
884548
884549
884550
884551
884552
884553
884554
884556
884557
884558
884559
884560
884561
884562
884563
884564
884565
884566
884567
884568
884569
884570
884571
884572
884573
884574
884575
884576
884577
884578
884579
884580
884581
884582
884583
884584
884585
884586
884587
884588
884589
884590
884591
884592
884593
884594
884595
884596
884597
884598
884599
884600
884601
884602
884603
884604
884605
884606
884607
884608
884609
884610
884611
884612
884613
884614
884615
884616
884617
884618
884619
884620
884621
884622
884623
884624
884625
884626
884627
884628
884629
884630
884631
884632
884633
884634
884635
884636
884637
884638
884639
884640
884641
884642
884643
884644
884645
884646
884647
884648
884649
884650
884651
884652
884653
884654
884655
884656
884657
884658
884659
884660
884661
884662
884663
884664
884665
884667
884668
884669
884670
884671
884672
884673
884674
884675
884676
884677
884678
884679
884680
884681
884682
884683
884684
884685
884686
884687
884688
884689
884690
884691
884692
884693
884694
884695
884696
884697
884698
884699
884700
884701
884702
884703
884704
884705
884706
884707
884708
884709
884710
884711
884712
884713
884714
884715
884716
884717
884718
884719
884720
884721
884722
884723
884724
884725
884726
884727
884728
884729
884730
884731
884732
884733
884734
884735
884736
884737
884738
884739
884740
884741
884742
884743
884744
884745
884746
884747
884748
884749
884750
884751
884752
884753
884754
884755
884756
884757
884758
884759
884760
884761
884762
884763
884764
884765
884766
884767
884768
884769
884770
884771
884772
884773
884774
884775
884776
884778
884779
884780
884781
884782
884783
884784
884785
884786
884787
884788
884789
884790
884791
884792
884793
884794
884795
884796
884797
884798
884799
884800
884801
884802
884803
884804
884805
884806
884807
884808
884809
884810
884811
884812
884813
884814
884815
884816
884817
884818
884819
884820
884821
884822
884823
884824
884825
884826
884827
884828
884829
884830
884831
884832
884833
884834
884835
884836
884837
884838
884839
884840
884841
884842
884843
884844
884845
884846
884847
884848
884849
884850
884851
884852
884853
884854
884855
884856
884857
884858
884859
884860
884861
884862
884863
884864
884865
884866
884867
884868
884869
884870
884871
884872
884873
884874
884875
884876
884877
884878
884879
884880
884881
884882
884883
884884
884885
884886
884887
884889
884890
884891
884892
884893
884894
884895
884896
884897
884898
884899
884900
884901
884902
884903
884904
884905
884906
884907
884908
884909
884910
884911
884912
884913
884914
884915
884916
884917
884918
884919
884920
884921
884922
884923
884924
884925
884926
884927
884928
884929
884930
884931
884932
884933
884934
884935
884936
884937
884938
884939
884940
884941
884942
884943
884944
884945
884946
884947
884948
884949
884950
884951
884952
884953
884954
884955
884956
884957
884958
884959
884960
884961
884962
884963
884964
884965
884966
884967
884968
884969
884970
884971
884972
884973
884974
884975
884976
884977
884978
884979
884980
884981
884982
884983
884984
884985
884986
884987
884988
884989
884990
884991
884992
884993
884994
884995
884996
884997
884998
885001
885002
885003
885004
885005
885006
885007
885008
885009
885010
885011
885012
885013
885014
885015
885016
885017
885018
885019
885020
885021
885022
885023
885024
885025
885026
885027
885028
885029
885030
885031
885032
885033
885034
885035
885036
885037
885038
885039
885040
885041
885042
885043
885044
885045
885046
885047
885048
885049
885050
885051
885052
885053
885054
885055
885056
885057
885058
885059
885060
885061
885062
885063
885064
885065
885066
885067
885068
885069
885070
885071
885072
885073
885074
885075
885076
885077
885078
885079
885080
885081
885082
885083
885084
885085
885086
885087
885088
885089
885090
885091
885092
885093
885094
885095
885096
885097
885098
885099
885100
885101
885102
885103
885104
885105
885106
885107
885108
885109
885110
885112
885113
885114
885115
885116
885117
885118
885119
885120
885121
885122
885123
885124
885125
885126
885127
885128
885129
885130
885131
885132
885133
885134
885135
885136
885137
885138
885139
885140
885141
885142
885143
885144
885145
885146
885147
885148
885149
885150
885151
885152
885153
885154
885155
885156
885157
885158
885159
885160
885161
885162
885163
885164
885165
885166
885167
885168
885169
885170
885171
885172
885173
885174
885175
885176
885177
885178
885179
885180
885181
885182
885183
885184
885185
885186
885187
885188
885189
885190
885191
885192
885193
885194
885195
885196
885197
885198
885199
885200
885201
885202
885203
885204
885205
885206
885207
885208
885209
885210
885211
885212
885213
885214
885215
885216
885217
885218
885219
885220
885221
885223
885224
885225
885226
885227
885228
885229
885230
885231
885232
885233
885234
885235
885236
885237
885238
885239
885240
885241
885242
885243
885244
885245
885246
885247
885248
885249
885250
885251
885252
885253
885254
885255
885256
885257
885258
885259
885260
885261
885262
885263
885264
885265
885266
885267
885268
885269
885270
885271
885272
885273
885274
885275
885276
885277
885278
885279
885280
885281
885282
885283
885284
885285
885286
885287
885288
885289
885290
885291
885292
885293
885294
885295
885296
885297
885298
885299
885300
885301
885302
885303
885304
885305
885306
885307
885308
885309
885310
885311
885312
885313
885314
885315
885316
885317
885318
885319
885320
885321
885322
885323
885324
885325
885326
885327
885328
885329
885330
885331
885332
885334
885335
885336
885337
885338
885339
885340
885341
885342
885343
885344
885345
885346
885347
885348
885349
885350
885351
885352
885353
885354
885355
885356
885357
885358
885359
885360
885361
885362
885363
885364
885365
885366
885367
885368
885369
885370
885371
885372
885373
885374
885375
885376
885377
885378
885379
885380
885381
885382
885383
885384
885385
885386
885387
885388
885389
885390
885391
885392
885393
885394
885395
885396
885397
885398
885399
885400
885401
885402
885403
885404
885405
885406
885407
885408
885409
885410
885411
885412
885413
885414
885415
885416
885417
885418
885419
885420
885421
885422
885423
885424
885425
885426
885427
885428
885429
885430
885431
885432
885433
885434
885435
885436
885437
885438
885439
885440
885441
885442
885443
885445
885446
885447
885448
885449
885450
885451
885452
885453
885454
885455
885456
885457
885458
885459
885460
885461
885462
885463
885464
885465
885466
885467
885468
885469
885470
885471
885472
885473
885474
885475
885476
885477
885478
885479
885480
885481
885482
885483
885484
885485
885486
885487
885488
885489
885490
885491
885492
885493
885494
885495
885496
885497
885498
885499
885500
885501
885502
885503
885504
885505
885506
885507
885508
885509
885510
885511
885512
885513
885514
885515
885516
885517
885518
885519
885520
885521
885522
885523
885524
885525
885526
885527
885528
885529
885530
885531
885532
885533
885534
885535
885536
885537
885538
885539
885540
885541
885542
885543
885544
885545
885546
885547
885548
885549
885560
885561
885562
885563
885564
885565
885566
885567
885568
885569
885570
885571
885572
885573
885574
885575
885576
885577
885578
885579
885580
885581
885582
885583
885584
885585
885586
885587
885588
885589
885590
885591
885592
885593
885594
885595
885596
885597
885598
885599
885600
885601
885602
885603
885604
885605
885606
885607
885608
885609
885610
885611
885612
885613
885614
885615
885616
885617
885618
885619
885620
885621
885622
885623
885624
885625
885626
885627
885628
885629
885630
885631
885632
885633
885634
885635
885636
885637
885638
885639
885640
885641
885642
885643
885644
885645
885646
885647
885648
885649
885650
885651
885652
885653
885654
885655
885656
885657
885658
885659
885660
885661
885662
885663
885664
885665
885667
885668
885669
885670
885671
885672
885673
885674
885675
885676
885677
885678
885679
885680
885681
885682
885683
885684
885685
885686
885687
885688
885689
885690
885691
885692
885693
885694
885695
885696
885697
885698
885699
