885700
885701
885702
885703
885704
885705
885706
885707
885708
885709
885710
885711
885712
885713
885714
885715
885716
885717
885718
885719
885720
885721
885722
885723
885724
885725
885726
885727
885728
885729
885730
885731
885732
885733
885734
885735
885736
885737
885738
885739
885740
885741
885742
885743
885744
885745
885746
885747
885748
885749
885750
885751
885752
885753
885754
885755
885756
885757
885758
885759
885760
885761
885762
885763
885764
885765
885766
885767
885768
885769
885770
885771
885772
885773
885774
885775
885776
885778
885779
885780
885781
885782
885783
885784
885785
885786
885787
885788
885789
885790
885791
885792
885793
885794
885795
885796
885797
885798
885799
885800
885801
885802
885803
885804
885805
885806
885807
885808
885809
885810
885811
885812
885813
885814
885815
885816
885817
885818
885819
885820
885821
885822
885823
885824
885825
885826
885827
885828
885829
885830
885831
885832
885833
885834
885835
885836
885837
885838
885839
885840
885841
885842
885843
885844
885845
885846
885847
885848
885849
885850
885851
885852
885853
885854
885855
885856
885857
885858
885859
885860
885861
885862
885863
885864
885865
885866
885867
885868
885869
885870
885871
885872
885873
885874
885875
885876
885877
885878
885879
885880
885881
885882
885883
885884
885885
885886
885887
885889
885890
885891
885892
885893
885894
885895
885896
885897
885898
885899
885900
885901
885902
885903
885904
885905
885906
885907
885908
885909
885910
885911
885912
885913
885914
885915
885916
885917
885918
885919
885920
885921
885922
885923
885924
885925
885926
885927
885928
885929
885930
885931
885932
885933
885934
885935
885936
885937
885938
885939
885940
885941
885942
885943
885944
885945
885946
885947
885948
885949
885950
885951
885952
885953
885954
885955
885956
885957
885958
885959
885960
885961
885962
885963
885964
885965
885966
885967
885968
885969
885970
885971
885972
885973
885974
885975
885976
885977
885978
885979
885980
885981
885982
885983
885984
885985
885986
885987
885988
885989
885990
885991
885992
885993
885994
885995
885996
885997
885998
886001
886002
886003
886004
886005
886006
886007
886008
886009
886010
886011
886012
886013
886014
886015
886016
886017
886018
886019
886020
886021
886022
886023
886024
886025
886026
886027
886028
886029
886030
886031
886032
886033
886034
886035
886036
886037
886038
886039
886040
886041
886042
886043
886044
886045
886046
886047
886048
886049
886050
886051
886052
886053
886054
886055
886056
886057
886058
886059
886060
886061
886062
886063
886064
886065
886066
886067
886068
886069
886070
886071
886072
886073
886074
886075
886076
886077
886078
886079
886080
886081
886082
886083
886084
886085
886086
886087
886088
886089
886090
886091
886092
886093
886094
886095
886096
886097
886098
886099
886100
886101
886102
886103
886104
886105
886106
886107
886108
886109
886110
886112
886113
886114
886115
886116
886117
886118
886119
886120
886121
886122
886123
886124
886125
886126
886127
886128
886129
886130
886131
886132
886133
886134
886135
886136
886137
886138
886139
886140
886141
886142
886143
886144
886145
886146
886147
886148
886149
886150
886151
886152
886153
886154
886155
886156
886157
886158
886159
886160
886161
886162
886163
886164
886165
886166
886167
886168
886169
886170
886171
886172
886173
886174
886175
886176
886177
886178
886179
886180
886181
886182
886183
886184
886185
886186
886187
886188
886189
886190
886191
886192
886193
886194
886195
886196
886197
886198
886199
886200
886201
886202
886203
886204
886205
886206
886207
886208
886209
886210
886211
886212
886213
886214
886215
886216
886217
886218
886219
886220
886221
886223
886224
886225
886226
886227
886228
886229
886230
886231
886232
886233
886234
886235
886236
886237
886238
886239
886240
886241
886242
886243
886244
886245
886246
886247
886248
886249
886250
886251
886252
886253
886254
886255
886256
886257
886258
886259
886260
886261
886262
886263
886264
886265
886266
886267
886268
886269
886270
886271
886272
886273
886274
886275
886276
886277
886278
886279
886280
886281
886282
886283
886284
886285
886286
886287
886288
886289
886290
886291
886292
886293
886294
886295
886296
886297
886298
886299
886300
886301
886302
886303
886304
886305
886306
886307
886308
886309
886310
886311
886312
886313
886314
886315
886316
886317
886318
886319
886320
886321
886322
886323
886324
886325
886326
886327
886328
886329
886330
886331
886332
886334
886335
886336
886337
886338
886339
886340
886341
886342
886343
886344
886345
886346
886347
886348
886349
886350
886351
886352
886353
886354
886355
886356
886357
886358
886359
886360
886361
886362
886363
886364
886365
886366
886367
886368
886369
886370
886371
886372
886373
886374
886375
886376
886377
886378
886379
886380
886381
886382
886383
886384
886385
886386
886387
886388
886389
886390
886391
886392
886393
886394
886395
886396
886397
886398
886399
886400
886401
886402
886403
886404
886405
886406
886407
886408
886409
886410
886411
886412
886413
886414
886415
886416
886417
886418
886419
886420
886421
886422
886423
886424
886425
886426
886427
886428
886429
886430
886431
886432
886433
886434
886435
886436
886437
886438
886439
886440
886441
886442
886443
886445
886446
886447
886448
886449
886450
886451
886452
886453
886454
886455
886456
886457
886458
886459
886460
886461
886462
886463
886464
886465
886466
886467
886468
886469
886470
886471
886472
886473
886474
886475
886476
886477
886478
886479
886480
886481
886482
886483
886484
886485
886486
886487
886488
886489
886490
886491
886492
886493
886494
886495
886496
886497
886498
886499
886500
886501
886502
886503
886504
886505
886506
886507
886508
886509
886510
886511
886512
886513
886514
886515
886516
886517
886518
886519
886520
886521
886522
886523
886524
886525
886526
886527
886528
886529
886530
886531
886532
886533
886534
886535
886536
886537
886538
886539
886540
886541
886542
886543
886544
886545
886546
886547
886548
886549
886550
886551
886552
886553
886554
886556
886557
886558
886559
886560
886561
886562
886563
886564
886565
886566
886567
886568
886569
886570
886571
886572
886573
886574
886575
886576
886577
886578
886579
886580
886581
886582
886583
886584
886585
886586
886587
886588
886589
886590
886591
886592
886593
886594
886595
886596
886597
886598
886599
886600
886601
886602
886603
886604
886605
886606
886607
886608
886609
886610
886611
886612
886613
886614
886615
886616
886617
886618
886619
886620
886621
886622
886623
886624
886625
886626
886627
886628
886629
886630
886631
886632
886633
886634
886635
886636
886637
886638
886639
886640
886641
886642
886643
886644
886645
886646
886647
886648
886649
886650
886651
886652
886653
886654
886655
886656
886657
886658
886659
886670
886671
886672
886673
886674
886675
886676
886677
886678
886679
886680
886681
886682
886683
886684
886685
886686
886687
886688
886689
886690
886691
886692
886693
886694
886695
886696
886697
886698
886699
886700
886701
886702
886703
886704
886705
886706
886707
886708
886709
886710
886711
886712
886713
886714
886715
886716
886717
886718
886719
886720
886721
886722
886723
886724
886725
886726
886727
886728
886729
886730
886731
886732
886733
886734
886735
886736
886737
886738
886739
886740
886741
886742
886743
886744
886745
886746
886747
886748
886749
886750
886751
886752
886753
886754
886755
886756
886757
886758
886759
886760
886761
886762
886763
886764
886765
886766
886767
886768
886769
886770
886771
886772
886773
886774
886775
886776
886778
886779
886780
886781
886782
886783
886784
886785
886786
886787
886788
886789
886790
886791
886792
886793
886794
886795
886796
886797
886798
886799
886800
886801
886802
886803
886804
886805
886806
886807
886808
886809
886810
886811
886812
886813
886814
886815
886816
886817
886818
886819
886820
886821
886822
886823
886824
886825
886826
886827
886828
886829
886830
886831
886832
886833
886834
886835
886836
886837
886838
886839
886840
886841
886842
886843
886844
886845
886846
886847
886848
886849
886850
886851
886852
886853
886854
886855
886856
886857
886858
886859
886860
886861
886862
