886863
886864
886865
886866
886867
886868
886869
886870
886871
886872
886873
886874
886875
886876
886877
886878
886879
886880
886881
886882
886883
886884
886885
886886
886887
886889
886890
886891
886892
886893
886894
886895
886896
886897
886898
886899
886900
886901
886902
886903
886904
886905
886906
886907
886908
886909
886910
886911
886912
886913
886914
886915
886916
886917
886918
886919
886920
886921
886922
886923
886924
886925
886926
886927
886928
886929
886930
886931
886932
886933
886934
886935
886936
886937
886938
886939
886940
886941
886942
886943
886944
886945
886946
886947
886948
886949
886950
886951
886952
886953
886954
886955
886956
886957
886958
886959
886960
886961
886962
886963
886964
886965
886966
886967
886968
886969
886970
886971
886972
886973
886974
886975
886976
886977
886978
886979
886980
886981
886982
886983
886984
886985
886986
886987
886988
886989
886990
886991
886992
886993
886994
886995
886996
886997
886998
887001
887002
887003
887004
887005
887006
887007
887008
887009
887010
887011
887012
887013
887014
887015
887016
887017
887018
887019
887020
887021
887022
887023
887024
887025
887026
887027
887028
887029
887030
887031
887032
887033
887034
887035
887036
887037
887038
887039
887040
887041
887042
887043
887044
887045
887046
887047
887048
887049
887050
887051
887052
887053
887054
887055
887056
887057
887058
887059
887060
887061
887062
887063
887064
887065
887066
887067
887068
887069
887070
887071
887072
887073
887074
887075
887076
887077
887078
887079
887080
887081
887082
887083
887084
887085
887086
887087
887088
887089
887090
887091
887092
887093
887094
887095
887096
887097
887098
887099
887100
887101
887102
887103
887104
887105
887106
887107
887108
887109
887110
887112
887113
887114
887115
887116
887117
887118
887119
887120
887121
887122
887123
887124
887125
887126
887127
887128
887129
887130
887131
887132
887133
887134
887135
887136
887137
887138
887139
887140
887141
887142
887143
887144
887145
887146
887147
887148
887149
887150
887151
887152
887153
887154
887155
887156
887157
887158
887159
887160
887161
887162
887163
887164
887165
887166
887167
887168
887169
887170
887171
887172
887173
887174
887175
887176
887177
887178
887179
887180
887181
887182
887183
887184
887185
887186
887187
887188
887189
887190
887191
887192
887193
887194
887195
887196
887197
887198
887199
887200
887201
887202
887203
887204
887205
887206
887207
887208
887209
887210
887211
887212
887213
887214
887215
887216
887217
887218
887219
887220
887221
887223
887224
887225
887226
887227
887228
887229
887230
887231
887232
887233
887234
887235
887236
887237
887238
887239
887240
887241
887242
887243
887244
887245
887246
887247
887248
887249
887250
887251
887252
887253
887254
887255
887256
887257
887258
887259
887260
887261
887262
887263
887264
887265
887266
887267
887268
887269
887270
887271
887272
887273
887274
887275
887276
887277
887278
887279
887280
887281
887282
887283
887284
887285
887286
887287
887288
887289
887290
887291
887292
887293
887294
887295
887296
887297
887298
887299
887300
887301
887302
887303
887304
887305
887306
887307
887308
887309
887310
887311
887312
887313
887314
887315
887316
887317
887318
887319
887320
887321
887322
887323
887324
887325
887326
887327
887328
887329
887330
887331
887332
887334
887335
887336
887337
887338
887339
887340
887341
887342
887343
887344
887345
887346
887347
887348
887349
887350
887351
887352
887353
887354
887355
887356
887357
887358
887359
887360
887361
887362
887363
887364
887365
887366
887367
887368
887369
887370
887371
887372
887373
887374
887375
887376
887377
887378
887379
887380
887381
887382
887383
887384
887385
887386
887387
887388
887389
887390
887391
887392
887393
887394
887395
887396
887397
887398
887399
887400
887401
887402
887403
887404
887405
887406
887407
887408
887409
887410
887411
887412
887413
887414
887415
887416
887417
887418
887419
887420
887421
887422
887423
887424
887425
887426
887427
887428
887429
887430
887431
887432
887433
887434
887435
887436
887437
887438
887439
887440
887441
887442
887443
887445
887446
887447
887448
887449
887450
887451
887452
887453
887454
887455
887456
887457
887458
887459
887460
887461
887462
887463
887464
887465
887466
887467
887468
887469
887470
887471
887472
887473
887474
887475
887476
887477
887478
887479
887480
887481
887482
887483
887484
887485
887486
887487
887488
887489
887490
887491
887492
887493
887494
887495
887496
887497
887498
887499
887500
887501
887502
887503
887504
887505
887506
887507
887508
887509
887510
887511
887512
887513
887514
887515
887516
887517
887518
887519
887520
887521
887522
887523
887524
887525
887526
887527
887528
887529
887530
887531
887532
887533
887534
887535
887536
887537
887538
887539
887540
887541
887542
887543
887544
887545
887546
887547
887548
887549
887550
887551
887552
887553
887554
887556
887557
887558
887559
887560
887561
887562
887563
887564
887565
887566
887567
887568
887569
887570
887571
887572
887573
887574
887575
887576
887577
887578
887579
887580
887581
887582
887583
887584
887585
887586
887587
887588
887589
887590
887591
887592
887593
887594
887595
887596
887597
887598
887599
887600
887601
887602
887603
887604
887605
887606
887607
887608
887609
887610
887611
887612
887613
887614
887615
887616
887617
887618
887619
887620
887621
887622
887623
887624
887625
887626
887627
887628
887629
887630
887631
887632
887633
887634
887635
887636
887637
887638
887639
887640
887641
887642
887643
887644
887645
887646
887647
887648
887649
887650
887651
887652
887653
887654
887655
887656
887657
887658
887659
887660
887661
887662
887663
887664
887665
887667
887668
887669
887670
887671
887672
887673
887674
887675
887676
887677
887678
887679
887680
887681
887682
887683
887684
887685
887686
887687
887688
887689
887690
887691
887692
887693
887694
887695
887696
887697
887698
887699
887700
887701
887702
887703
887704
887705
887706
887707
887708
887709
887710
887711
887712
887713
887714
887715
887716
887717
887718
887719
887720
887721
887722
887723
887724
887725
887726
887727
887728
887729
887730
887731
887732
887733
887734
887735
887736
887737
887738
887739
887740
887741
887742
887743
887744
887745
887746
887747
887748
887749
887750
887751
887752
887753
887754
887755
887756
887757
887758
887759
887760
887761
887762
887763
887764
887765
887766
887767
887768
887769
887780
887781
887782
887783
887784
887785
887786
887787
887788
887789
887790
887791
887792
887793
887794
887795
887796
887797
887798
887799
887800
887801
887802
887803
887804
887805
887806
887807
887808
887809
887810
887811
887812
887813
887814
887815
887816
887817
887818
887819
887820
887821
887822
887823
887824
887825
887826
887827
887828
887829
887830
887831
887832
887833
887834
887835
887836
887837
887838
887839
887840
887841
887842
887843
887844
887845
887846
887847
887848
887849
887850
887851
887852
887853
887854
887855
887856
887857
887858
887859
887860
887861
887862
887863
887864
887865
887866
887867
887868
887869
887870
887871
887872
887873
887874
887875
887876
887877
887878
887879
887880
887881
887882
887883
887884
887885
887886
887887
887889
887890
887891
887892
887893
887894
887895
887896
887897
887898
887899
887900
887901
887902
887903
887904
887905
887906
887907
887908
887909
887910
887911
887912
887913
887914
887915
887916
887917
887918
887919
887920
887921
887922
887923
887924
887925
887926
887927
887928
887929
887930
887931
887932
887933
887934
887935
887936
887937
887938
887939
887940
887941
887942
887943
887944
887945
887946
887947
887948
887949
887950
887951
887952
887953
887954
887955
887956
887957
887958
887959
887960
887961
887962
887963
887964
887965
887966
887967
887968
887969
887970
887971
887972
887973
887974
887975
887976
887977
887978
887979
887980
887981
887982
887983
887984
887985
887986
887987
887988
887989
887990
887991
887992
887993
887994
887995
887996
887997
887998
889001
889002
889003
889004
889005
889006
889007
889008
889009
889010
889011
889012
889013
889014
889015
889016
889017
889018
889019
889020
889021
889022
889023
889024
889025
889026
889027
