889028
889029
889030
889031
889032
889033
889034
889035
889036
889037
889038
889039
889040
889041
889042
889043
889044
889045
889046
889047
889048
889049
889050
889051
889052
889053
889054
889055
889056
889057
889058
889059
889060
889061
889062
889063
889064
889065
889066
889067
889068
889069
889070
889071
889072
889073
889074
889075
889076
889077
889078
889079
889080
889081
889082
889083
889084
889085
889086
889087
889088
889089
889090
889091
889092
889093
889094
889095
889096
889097
889098
889099
889100
889101
889102
889103
889104
889105
889106
889107
889108
889109
889110
889112
889113
889114
889115
889116
889117
889118
889119
889120
889121
889122
889123
889124
889125
889126
889127
889128
889129
889130
889131
889132
889133
889134
889135
889136
889137
889138
889139
889140
889141
889142
889143
889144
889145
889146
889147
889148
889149
889150
889151
889152
889153
889154
889155
889156
889157
889158
889159
889160
889161
889162
889163
889164
889165
889166
889167
889168
889169
889170
889171
889172
889173
889174
889175
889176
889177
889178
889179
889180
889181
889182
889183
889184
889185
889186
889187
889188
889189
889190
889191
889192
889193
889194
889195
889196
889197
889198
889199
889200
889201
889202
889203
889204
889205
889206
889207
889208
889209
889210
889211
889212
889213
889214
889215
889216
889217
889218
889219
889220
889221
889223
889224
889225
889226
889227
889228
889229
889230
889231
889232
889233
889234
889235
889236
889237
889238
889239
889240
889241
889242
889243
889244
889245
889246
889247
889248
889249
889250
889251
889252
889253
889254
889255
889256
889257
889258
889259
889260
889261
889262
889263
889264
889265
889266
889267
889268
889269
889270
889271
889272
889273
889274
889275
889276
889277
889278
889279
889280
889281
889282
889283
889284
889285
889286
889287
889288
889289
889290
889291
889292
889293
889294
889295
889296
889297
889298
889299
889300
889301
889302
889303
889304
889305
889306
889307
889308
889309
889310
889311
889312
889313
889314
889315
889316
889317
889318
889319
889320
889321
889322
889323
889324
889325
889326
889327
889328
889329
889330
889331
889332
889334
889335
889336
889337
889338
889339
889340
889341
889342
889343
889344
889345
889346
889347
889348
889349
889350
889351
889352
889353
889354
889355
889356
889357
889358
889359
889360
889361
889362
889363
889364
889365
889366
889367
889368
889369
889370
889371
889372
889373
889374
889375
889376
889377
889378
889379
889380
889381
889382
889383
889384
889385
889386
889387
889388
889389
889390
889391
889392
889393
889394
889395
889396
889397
889398
889399
889400
889401
889402
889403
889404
889405
889406
889407
889408
889409
889410
889411
889412
889413
889414
889415
889416
889417
889418
889419
889420
889421
889422
889423
889424
889425
889426
889427
889428
889429
889430
889431
889432
889433
889434
889435
889436
889437
889438
889439
889440
889441
889442
889443
889445
889446
889447
889448
889449
889450
889451
889452
889453
889454
889455
889456
889457
889458
889459
889460
889461
889462
889463
889464
889465
889466
889467
889468
889469
889470
889471
889472
889473
889474
889475
889476
889477
889478
889479
889480
889481
889482
889483
889484
889485
889486
889487
889488
889489
889490
889491
889492
889493
889494
889495
889496
889497
889498
889499
889500
889501
889502
889503
889504
889505
889506
889507
889508
889509
889510
889511
889512
889513
889514
889515
889516
889517
889518
889519
889520
889521
889522
889523
889524
889525
889526
889527
889528
889529
889530
889531
889532
889533
889534
889535
889536
889537
889538
889539
889540
889541
889542
889543
889544
889545
889546
889547
889548
889549
889550
889551
889552
889553
889554
889556
889557
889558
889559
889560
889561
889562
889563
889564
889565
889566
889567
889568
889569
889570
889571
889572
889573
889574
889575
889576
889577
889578
889579
889580
889581
889582
889583
889584
889585
889586
889587
889588
889589
889590
889591
889592
889593
889594
889595
889596
889597
889598
889599
889600
889601
889602
889603
889604
889605
889606
889607
889608
889609
889610
889611
889612
889613
889614
889615
889616
889617
889618
889619
889620
889621
889622
889623
889624
889625
889626
889627
889628
889629
889630
889631
889632
889633
889634
889635
889636
889637
889638
889639
889640
889641
889642
889643
889644
889645
889646
889647
889648
889649
889650
889651
889652
889653
889654
889655
889656
889657
889658
889659
889660
889661
889662
889663
889664
889665
889667
889668
889669
889670
889671
889672
889673
889674
889675
889676
889677
889678
889679
889680
889681
889682
889683
889684
889685
889686
889687
889688
889689
889690
889691
889692
889693
889694
889695
889696
889697
889698
889699
889700
889701
889702
889703
889704
889705
889706
889707
889708
889709
889710
889711
889712
889713
889714
889715
889716
889717
889718
889719
889720
889721
889722
889723
889724
889725
889726
889727
889728
889729
889730
889731
889732
889733
889734
889735
889736
889737
889738
889739
889740
889741
889742
889743
889744
889745
889746
889747
889748
889749
889750
889751
889752
889753
889754
889755
889756
889757
889758
889759
889760
889761
889762
889763
889764
889765
889766
889767
889768
889769
889770
889771
889772
889773
889774
889775
889776
889778
889779
889780
889781
889782
889783
889784
889785
889786
889787
889788
889789
889790
889791
889792
889793
889794
889795
889796
889797
889798
889799
889800
889801
889802
889803
889804
889805
889806
889807
889808
889809
889810
889811
889812
889813
889814
889815
889816
889817
889818
889819
889820
889821
889822
889823
889824
889825
889826
889827
889828
889829
889830
889831
889832
889833
889834
889835
889836
889837
889838
889839
889840
889841
889842
889843
889844
889845
889846
889847
889848
889849
889850
889851
889852
889853
889854
889855
889856
889857
889858
889859
889860
889861
889862
889863
889864
889865
889866
889867
889868
889869
889870
889871
889872
889873
889874
889875
889876
889877
889878
889879
889880
889881
889882
889883
889884
889885
889886
889887
889889
889890
889891
889892
889893
889894
889895
889896
889897
889898
889899
889900
889901
889902
889903
889904
889905
889906
889907
889908
889909
889910
889911
889912
889913
889914
889915
889916
889917
889918
889919
889920
889921
889922
889923
889924
889925
889926
889927
889928
889929
889930
889931
889932
889933
889934
889935
889936
889937
889938
889939
889940
889941
889942
889943
889944
889945
889946
889947
889948
889949
889950
889951
889952
889953
889954
889955
889956
889957
889958
889959
889960
889961
889962
889963
889964
889965
889966
889967
889968
889969
889970
889971
889972
889973
889974
889975
889976
889977
889978
889979
889980
889981
889982
889983
889984
889985
889986
889987
889988
889989
890010
890011
890012
890013
890014
890015
890016
890017
890018
890019
890020
890021
890022
890023
890024
890025
890026
890027
890028
890029
890030
890031
890032
890033
890034
890035
890036
890037
890038
890039
890040
890041
890042
890043
890044
890045
890046
890047
890048
890049
890050
890051
890052
890053
890054
890055
890056
890057
890058
890059
890060
890061
890062
890063
890064
890065
890066
890067
890068
890069
890070
890071
890072
890073
890074
890075
890076
890077
890078
890079
890080
890081
890082
890083
890084
890085
890086
890087
890088
890089
890090
890091
890092
890093
890094
890095
890096
890097
890098
890099
890100
890101
890102
890103
890104
890105
890106
890107
890108
890109
890110
890112
890113
890114
890115
890116
890117
890118
890119
890120
890121
890122
890123
890124
890125
890126
890127
890128
890129
890130
890131
890132
890133
890134
890135
890136
890137
890138
890139
890140
890141
890142
890143
890144
890145
890146
890147
890148
890149
890150
890151
890152
890153
890154
890155
890156
890157
890158
890159
890160
890161
890162
890163
890164
890165
890166
890167
890168
890169
890170
890171
890172
890173
890174
890175
890176
890177
890178
890179
890180
890181
890182
890183
890184
890185
890186
890187
890188
890189
890190
890191
890192
890193
890194
890195
890196
890197
890198
890199
