890200
890201
890202
890203
890204
890205
890206
890207
890208
890209
890210
890211
890212
890213
890214
890215
890216
890217
890218
890219
890220
890221
890223
890224
890225
890226
890227
890228
890229
890230
890231
890232
890233
890234
890235
890236
890237
890238
890239
890240
890241
890242
890243
890244
890245
890246
890247
890248
890249
890250
890251
890252
890253
890254
890255
890256
890257
890258
890259
890260
890261
890262
890263
890264
890265
890266
890267
890268
890269
890270
890271
890272
890273
890274
890275
890276
890277
890278
890279
890280
890281
890282
890283
890284
890285
890286
890287
890288
890289
890290
890291
890292
890293
890294
890295
890296
890297
890298
890299
890300
890301
890302
890303
890304
890305
890306
890307
890308
890309
890310
890311
890312
890313
890314
890315
890316
890317
890318
890319
890320
890321
890322
890323
890324
890325
890326
890327
890328
890329
890330
890331
890332
890334
890335
890336
890337
890338
890339
890340
890341
890342
890343
890344
890345
890346
890347
890348
890349
890350
890351
890352
890353
890354
890355
890356
890357
890358
890359
890360
890361
890362
890363
890364
890365
890366
890367
890368
890369
890370
890371
890372
890373
890374
890375
890376
890377
890378
890379
890380
890381
890382
890383
890384
890385
890386
890387
890388
890389
890390
890391
890392
890393
890394
890395
890396
890397
890398
890399
890400
890401
890402
890403
890404
890405
890406
890407
890408
890409
890410
890411
890412
890413
890414
890415
890416
890417
890418
890419
890420
890421
890422
890423
890424
890425
890426
890427
890428
890429
890430
890431
890432
890433
890434
890435
890436
890437
890438
890439
890440
890441
890442
890443
890445
890446
890447
890448
890449
890450
890451
890452
890453
890454
890455
890456
890457
890458
890459
890460
890461
890462
890463
890464
890465
890466
890467
890468
890469
890470
890471
890472
890473
890474
890475
890476
890477
890478
890479
890480
890481
890482
890483
890484
890485
890486
890487
890488
890489
890490
890491
890492
890493
890494
890495
890496
890497
890498
890499
890500
890501
890502
890503
890504
890505
890506
890507
890508
890509
890510
890511
890512
890513
890514
890515
890516
890517
890518
890519
890520
890521
890522
890523
890524
890525
890526
890527
890528
890529
890530
890531
890532
890533
890534
890535
890536
890537
890538
890539
890540
890541
890542
890543
890544
890545
890546
890547
890548
890549
890550
890551
890552
890553
890554
890556
890557
890558
890559
890560
890561
890562
890563
890564
890565
890566
890567
890568
890569
890570
890571
890572
890573
890574
890575
890576
890577
890578
890579
890580
890581
890582
890583
890584
890585
890586
890587
890588
890589
890590
890591
890592
890593
890594
890595
890596
890597
890598
890599
890600
890601
890602
890603
890604
890605
890606
890607
890608
890609
890610
890611
890612
890613
890614
890615
890616
890617
890618
890619
890620
890621
890622
890623
890624
890625
890626
890627
890628
890629
890630
890631
890632
890633
890634
890635
890636
890637
890638
890639
890640
890641
890642
890643
890644
890645
890646
890647
890648
890649
890650
890651
890652
890653
890654
890655
890656
890657
890658
890659
890660
890661
890662
890663
890664
890665
890667
890668
890669
890670
890671
890672
890673
890674
890675
890676
890677
890678
890679
890680
890681
890682
890683
890684
890685
890686
890687
890688
890689
890690
890691
890692
890693
890694
890695
890696
890697
890698
890699
890700
890701
890702
890703
890704
890705
890706
890707
890708
890709
890710
890711
890712
890713
890714
890715
890716
890717
890718
890719
890720
890721
890722
890723
890724
890725
890726
890727
890728
890729
890730
890731
890732
890733
890734
890735
890736
890737
890738
890739
890740
890741
890742
890743
890744
890745
890746
890747
890748
890749
890750
890751
890752
890753
890754
890755
890756
890757
890758
890759
890760
890761
890762
890763
890764
890765
890766
890767
890768
890769
890770
890771
890772
890773
890774
890775
890776
890778
890779
890780
890781
890782
890783
890784
890785
890786
890787
890788
890789
890790
890791
890792
890793
890794
890795
890796
890797
890798
890799
890800
890801
890802
890803
890804
890805
890806
890807
890808
890809
890810
890811
890812
890813
890814
890815
890816
890817
890818
890819
890820
890821
890822
890823
890824
890825
890826
890827
890828
890829
890830
890831
890832
890833
890834
890835
890836
890837
890838
890839
890840
890841
890842
890843
890844
890845
890846
890847
890848
890849
890850
890851
890852
890853
890854
890855
890856
890857
890858
890859
890860
890861
890862
890863
890864
890865
890866
890867
890868
890869
890870
890871
890872
890873
890874
890875
890876
890877
890878
890879
890880
890881
890882
890883
890884
890885
890886
890887
890889
890890
890891
890892
890893
890894
890895
890896
890897
890898
890899
890900
890901
890902
890903
890904
890905
890906
890907
890908
890909
890910
890911
890912
890913
890914
890915
890916
890917
890918
890919
890920
890921
890922
890923
890924
890925
890926
890927
890928
890929
890930
890931
890932
890933
890934
890935
890936
890937
890938
890939
890940
890941
890942
890943
890944
890945
890946
890947
890948
890949
890950
890951
890952
890953
890954
890955
890956
890957
890958
890959
890960
890961
890962
890963
890964
890965
890966
890967
890968
890969
890970
890971
890972
890973
890974
890975
890976
890977
890978
890979
890980
890981
890982
890983
890984
890985
890986
890987
890988
890989
890990
890991
890992
890993
890994
890995
890996
890997
890998
891001
891002
891003
891004
891005
891006
891007
891008
891009
891010
891011
891012
891013
891014
891015
891016
891017
891018
891019
891020
891021
891022
891023
891024
891025
891026
891027
891028
891029
891030
891031
891032
891033
891034
891035
891036
891037
891038
891039
891040
891041
891042
891043
891044
891045
891046
891047
891048
891049
891050
891051
891052
891053
891054
891055
891056
891057
891058
891059
891060
891061
891062
891063
891064
891065
891066
891067
891068
891069
891070
891071
891072
891073
891074
891075
891076
891077
891078
891079
891080
891081
891082
891083
891084
891085
891086
891087
891088
891089
891090
891091
891092
891093
891094
891095
891096
891097
891098
891099
891100
891101
891102
891103
891104
891105
891106
891107
891108
891109
891120
891121
891122
891123
891124
891125
891126
891127
891128
891129
891130
891131
891132
891133
891134
891135
891136
891137
891138
891139
891140
891141
891142
891143
891144
891145
891146
891147
891148
891149
891150
891151
891152
891153
891154
891155
891156
891157
891158
891159
891160
891161
891162
891163
891164
891165
891166
891167
891168
891169
891170
891171
891172
891173
891174
891175
891176
891177
891178
891179
891180
891181
891182
891183
891184
891185
891186
891187
891188
891189
891190
891191
891192
891193
891194
891195
891196
891197
891198
891199
891200
891201
891202
891203
891204
891205
891206
891207
891208
891209
891210
891211
891212
891213
891214
891215
891216
891217
891218
891219
891220
891221
891223
891224
891225
891226
891227
891228
891229
891230
891231
891232
891233
891234
891235
891236
891237
891238
891239
891240
891241
891242
891243
891244
891245
891246
891247
891248
891249
891250
891251
891252
891253
891254
891255
891256
891257
891258
891259
891260
891261
891262
891263
891264
891265
891266
891267
891268
891269
891270
891271
891272
891273
891274
891275
891276
891277
891278
891279
891280
891281
891282
891283
891284
891285
891286
891287
891288
891289
891290
891291
891292
891293
891294
891295
891296
891297
891298
891299
891300
891301
891302
891303
891304
891305
891306
891307
891308
891309
891310
891311
891312
891313
891314
891315
891316
891317
891318
891319
891320
891321
891322
891323
891324
891325
891326
891327
891328
891329
891330
891331
891332
891334
891335
891336
891337
891338
891339
891340
891341
891342
891343
891344
891345
891346
891347
891348
891349
891350
891351
891352
891353
891354
891355
891356
891357
891358
891359
891360
891361
891362
891363
