951337
951338
951339
951340
951341
951342
951343
951344
951345
951346
951347
951348
951349
951350
951351
951352
951353
951354
951355
951356
951357
951358
951359
951360
951361
951362
951363
951364
951365
951366
951367
951368
951369
951370
951371
951372
951373
951374
951375
951376
951377
951378
951379
951380
951381
951382
951383
951384
951385
951386
951387
951388
951389
951390
951391
951392
951393
951394
951395
951396
951397
951398
951399
951400
951401
951402
951403
951404
951405
951406
951407
951408
951409
951410
951411
951412
951413
951414
951415
951416
951417
951418
951419
951420
951421
951422
951423
951424
951425
951426
951427
951428
951429
951430
951431
951432
951433
951434
951435
951436
951437
951438
951439
951440
951441
951442
951443
951445
951446
951447
951448
951449
951450
951451
951452
951453
951454
951455
951456
951457
951458
951459
951460
951461
951462
951463
951464
951465
951466
951467
951468
951469
951470
951471
951472
951473
951474
951475
951476
951477
951478
951479
951480
951481
951482
951483
951484
951485
951486
951487
951488
951489
951490
951491
951492
951493
951494
951495
951496
951497
951498
951499
951500
951501
951502
951503
951504
951505
951506
951507
951508
951509
951510
951511
951512
951513
951514
951515
951516
951517
951518
951519
951520
951521
951522
951523
951524
951525
951526
951527
951528
951529
951530
951531
951532
951533
951534
951535
951536
951537
951538
951539
951540
951541
951542
951543
951544
951545
951546
951547
951548
951549
951550
951551
951552
951553
951554
951556
951557
951558
951559
951560
951561
951562
951563
951564
951565
951566
951567
951568
951569
951570
951571
951572
951573
951574
951575
951576
951577
951578
951579
951580
951581
951582
951583
951584
951585
951586
951587
951588
951589
951590
951591
951592
951593
951594
951595
951596
951597
951598
951599
951600
951601
951602
951603
951604
951605
951606
951607
951608
951609
951610
951611
951612
951613
951614
951615
951616
951617
951618
951619
951620
951621
951622
951623
951624
951625
951626
951627
951628
951629
951630
951631
951632
951633
951634
951635
951636
951637
951638
951639
951640
951641
951642
951643
951644
951645
951646
951647
951648
951649
951650
951651
951652
951653
951654
951655
951656
951657
951658
951659
951660
951661
951662
951663
951664
951665
951667
951668
951669
951670
951671
951672
951673
951674
951675
951676
951677
951678
951679
951680
951681
951682
951683
951684
951685
951686
951687
951688
951689
951690
951691
951692
951693
951694
951695
951696
951697
951698
951699
951700
951701
951702
951703
951704
951705
951706
951707
951708
951709
951710
951711
951712
951713
951714
951715
951716
951717
951718
951719
951720
951721
951722
951723
951724
951725
951726
951727
951728
951729
951730
951731
951732
951733
951734
951735
951736
951737
951738
951739
951740
951741
951742
951743
951744
951745
951746
951747
951748
951749
951750
951751
951752
951753
951754
951755
951756
951757
951758
951759
951760
951761
951762
951763
951764
951765
951766
951767
951768
951769
951770
951771
951772
951773
951774
951775
951776
951778
951779
951780
951781
951782
951783
951784
951785
951786
951787
951788
951789
951790
951791
951792
951793
951794
951795
951796
951797
951798
951799
951800
951801
951802
951803
951804
951805
951806
951807
951808
951809
951810
951811
951812
951813
951814
951815
951816
951817
951818
951819
951820
951821
951822
951823
951824
951825
951826
951827
951828
951829
951830
951831
951832
951833
951834
951835
951836
951837
951838
951839
951840
951841
951842
951843
951844
951845
951846
951847
951848
951849
951850
951851
951852
951853
951854
951855
951856
951857
951858
951859
951860
951861
951862
951863
951864
951865
951866
951867
951868
951869
951870
951871
951872
951873
951874
951875
951876
951877
951878
951879
951880
951881
951882
951883
951884
951885
951886
951887
951889
951890
951891
951892
951893
951894
951895
951896
951897
951898
951899
951900
951901
951902
951903
951904
951905
951906
951907
951908
951909
951910
951911
951912
951913
951914
951915
951916
951917
951918
951919
951920
951921
951922
951923
951924
951925
951926
951927
951928
951929
951930
951931
951932
951933
951934
951935
951936
951937
951938
951939
951940
951941
951942
951943
951944
951945
951946
951947
951948
951949
951950
951951
951952
951953
951954
951955
951956
951957
951958
951959
951960
951961
951962
951963
951964
951965
951966
951967
951968
951969
951970
951971
951972
951973
951974
951975
951976
951977
951978
951979
951980
951981
951982
951983
951984
951985
951986
951987
951988
951989
951990
951991
951992
951993
951994
951995
951996
951997
951998
952001
952002
952003
952004
952005
952006
952007
952008
952009
952010
952011
952012
952013
952014
952015
952016
952017
952018
952019
952020
952021
952022
952023
952024
952025
952026
952027
952028
952029
952030
952031
952032
952033
952034
952035
952036
952037
952038
952039
952040
952041
952042
952043
952044
952045
952046
952047
952048
952049
952050
952051
952052
952053
952054
952055
952056
952057
952058
952059
952060
952061
952062
952063
952064
952065
952066
952067
952068
952069
952070
952071
952072
952073
952074
952075
952076
952077
952078
952079
952080
952081
952082
952083
952084
952085
952086
952087
952088
952089
952090
952091
952092
952093
952094
952095
952096
952097
952098
952099
952100
952101
952102
952103
952104
952105
952106
952107
952108
952109
952110
952112
952113
952114
952115
952116
952117
952118
952119
952120
952121
952122
952123
952124
952125
952126
952127
952128
952129
952130
952131
952132
952133
952134
952135
952136
952137
952138
952139
952140
952141
952142
952143
952144
952145
952146
952147
952148
952149
952150
952151
952152
952153
952154
952155
952156
952157
952158
952159
952160
952161
952162
952163
952164
952165
952166
952167
952168
952169
952170
952171
952172
952173
952174
952175
952176
952177
952178
952179
952180
952181
952182
952183
952184
952185
952186
952187
952188
952189
952190
952191
952192
952193
952194
952195
952196
952197
952198
952199
952200
952201
952202
952203
952204
952205
952206
952207
952208
952209
952210
952211
952212
952213
952214
952215
952216
952217
952218
952219
952230
952231
952232
952233
952234
952235
952236
952237
952238
952239
952240
952241
952242
952243
952244
952245
952246
952247
952248
952249
952250
952251
952252
952253
952254
952255
952256
952257
952258
952259
952260
952261
952262
952263
952264
952265
952266
952267
952268
952269
952270
952271
952272
952273
952274
952275
952276
952277
952278
952279
952280
952281
952282
952283
952284
952285
952286
952287
952288
952289
952290
952291
952292
952293
952294
952295
952296
952297
952298
952299
952300
952301
952302
952303
952304
952305
952306
952307
952308
952309
952310
952311
952312
952313
952314
952315
952316
952317
952318
952319
952320
952321
952322
952323
952324
952325
952326
952327
952328
952329
952330
952331
952332
952334
952335
952336
952337
952338
952339
952340
952341
952342
952343
952344
952345
952346
952347
952348
952349
952350
952351
952352
952353
952354
952355
952356
952357
952358
952359
952360
952361
952362
952363
952364
952365
952366
952367
952368
952369
952370
952371
952372
952373
952374
952375
952376
952377
952378
952379
952380
952381
952382
952383
952384
952385
952386
952387
952388
952389
952390
952391
952392
952393
952394
952395
952396
952397
952398
952399
952400
952401
952402
952403
952404
952405
952406
952407
952408
952409
952410
952411
952412
952413
952414
952415
952416
952417
952418
952419
952420
952421
952422
952423
952424
952425
952426
952427
952428
952429
952430
952431
952432
952433
952434
952435
952436
952437
952438
952439
952440
952441
952442
952443
952445
952446
952447
952448
952449
952450
952451
952452
952453
952454
952455
952456
952457
952458
952459
952460
952461
952462
952463
952464
952465
952466
952467
952468
952469
952470
952471
952472
952473
952474
952475
952476
952477
952478
952479
952480
952481
952482
952483
952484
952485
952486
952487
952488
952489
952490
952491
952492
952493
952494
952495
952496
952497
952498
952499
