891364
891365
891366
891367
891368
891369
891370
891371
891372
891373
891374
891375
891376
891377
891378
891379
891380
891381
891382
891383
891384
891385
891386
891387
891388
891389
891390
891391
891392
891393
891394
891395
891396
891397
891398
891399
891400
891401
891402
891403
891404
891405
891406
891407
891408
891409
891410
891411
891412
891413
891414
891415
891416
891417
891418
891419
891420
891421
891422
891423
891424
891425
891426
891427
891428
891429
891430
891431
891432
891433
891434
891435
891436
891437
891438
891439
891440
891441
891442
891443
891445
891446
891447
891448
891449
891450
891451
891452
891453
891454
891455
891456
891457
891458
891459
891460
891461
891462
891463
891464
891465
891466
891467
891468
891469
891470
891471
891472
891473
891474
891475
891476
891477
891478
891479
891480
891481
891482
891483
891484
891485
891486
891487
891488
891489
891490
891491
891492
891493
891494
891495
891496
891497
891498
891499
891500
891501
891502
891503
891504
891505
891506
891507
891508
891509
891510
891511
891512
891513
891514
891515
891516
891517
891518
891519
891520
891521
891522
891523
891524
891525
891526
891527
891528
891529
891530
891531
891532
891533
891534
891535
891536
891537
891538
891539
891540
891541
891542
891543
891544
891545
891546
891547
891548
891549
891550
891551
891552
891553
891554
891556
891557
891558
891559
891560
891561
891562
891563
891564
891565
891566
891567
891568
891569
891570
891571
891572
891573
891574
891575
891576
891577
891578
891579
891580
891581
891582
891583
891584
891585
891586
891587
891588
891589
891590
891591
891592
891593
891594
891595
891596
891597
891598
891599
891600
891601
891602
891603
891604
891605
891606
891607
891608
891609
891610
891611
891612
891613
891614
891615
891616
891617
891618
891619
891620
891621
891622
891623
891624
891625
891626
891627
891628
891629
891630
891631
891632
891633
891634
891635
891636
891637
891638
891639
891640
891641
891642
891643
891644
891645
891646
891647
891648
891649
891650
891651
891652
891653
891654
891655
891656
891657
891658
891659
891660
891661
891662
891663
891664
891665
891667
891668
891669
891670
891671
891672
891673
891674
891675
891676
891677
891678
891679
891680
891681
891682
891683
891684
891685
891686
891687
891688
891689
891690
891691
891692
891693
891694
891695
891696
891697
891698
891699
891700
891701
891702
891703
891704
891705
891706
891707
891708
891709
891710
891711
891712
891713
891714
891715
891716
891717
891718
891719
891720
891721
891722
891723
891724
891725
891726
891727
891728
891729
891730
891731
891732
891733
891734
891735
891736
891737
891738
891739
891740
891741
891742
891743
891744
891745
891746
891747
891748
891749
891750
891751
891752
891753
891754
891755
891756
891757
891758
891759
891760
891761
891762
891763
891764
891765
891766
891767
891768
891769
891770
891771
891772
891773
891774
891775
891776
891778
891779
891780
891781
891782
891783
891784
891785
891786
891787
891788
891789
891790
891791
891792
891793
891794
891795
891796
891797
891798
891799
891800
891801
891802
891803
891804
891805
891806
891807
891808
891809
891810
891811
891812
891813
891814
891815
891816
891817
891818
891819
891820
891821
891822
891823
891824
891825
891826
891827
891828
891829
891830
891831
891832
891833
891834
891835
891836
891837
891838
891839
891840
891841
891842
891843
891844
891845
891846
891847
891848
891849
891850
891851
891852
891853
891854
891855
891856
891857
891858
891859
891860
891861
891862
891863
891864
891865
891866
891867
891868
891869
891870
891871
891872
891873
891874
891875
891876
891877
891878
891879
891880
891881
891882
891883
891884
891885
891886
891887
891889
891890
891891
891892
891893
891894
891895
891896
891897
891898
891899
891900
891901
891902
891903
891904
891905
891906
891907
891908
891909
891910
891911
891912
891913
891914
891915
891916
891917
891918
891919
891920
891921
891922
891923
891924
891925
891926
891927
891928
891929
891930
891931
891932
891933
891934
891935
891936
891937
891938
891939
891940
891941
891942
891943
891944
891945
891946
891947
891948
891949
891950
891951
891952
891953
891954
891955
891956
891957
891958
891959
891960
891961
891962
891963
891964
891965
891966
891967
891968
891969
891970
891971
891972
891973
891974
891975
891976
891977
891978
891979
891980
891981
891982
891983
891984
891985
891986
891987
891988
891989
891990
891991
891992
891993
891994
891995
891996
891997
891998
892001
892002
892003
892004
892005
892006
892007
892008
892009
892010
892011
892012
892013
892014
892015
892016
892017
892018
892019
892020
892021
892022
892023
892024
892025
892026
892027
892028
892029
892030
892031
892032
892033
892034
892035
892036
892037
892038
892039
892040
892041
892042
892043
892044
892045
892046
892047
892048
892049
892050
892051
892052
892053
892054
892055
892056
892057
892058
892059
892060
892061
892062
892063
892064
892065
892066
892067
892068
892069
892070
892071
892072
892073
892074
892075
892076
892077
892078
892079
892080
892081
892082
892083
892084
892085
892086
892087
892088
892089
892090
892091
892092
892093
892094
892095
892096
892097
892098
892099
892100
892101
892102
892103
892104
892105
892106
892107
892108
892109
892110
892112
892113
892114
892115
892116
892117
892118
892119
892120
892121
892122
892123
892124
892125
892126
892127
892128
892129
892130
892131
892132
892133
892134
892135
892136
892137
892138
892139
892140
892141
892142
892143
892144
892145
892146
892147
892148
892149
892150
892151
892152
892153
892154
892155
892156
892157
892158
892159
892160
892161
892162
892163
892164
892165
892166
892167
892168
892169
892170
892171
892172
892173
892174
892175
892176
892177
892178
892179
892180
892181
892182
892183
892184
892185
892186
892187
892188
892189
892190
892191
892192
892193
892194
892195
892196
892197
892198
892199
892200
892201
892202
892203
892204
892205
892206
892207
892208
892209
892210
892211
892212
892213
892214
892215
892216
892217
892218
892219
892230
892231
892232
892233
892234
892235
892236
892237
892238
892239
892240
892241
892242
892243
892244
892245
892246
892247
892248
892249
892250
892251
892252
892253
892254
892255
892256
892257
892258
892259
892260
892261
892262
892263
892264
892265
892266
892267
892268
892269
892270
892271
892272
892273
892274
892275
892276
892277
892278
892279
892280
892281
892282
892283
892284
892285
892286
892287
892288
892289
892290
892291
892292
892293
892294
892295
892296
892297
892298
892299
892300
892301
892302
892303
892304
892305
892306
892307
892308
892309
892310
892311
892312
892313
892314
892315
892316
892317
892318
892319
892320
892321
892322
892323
892324
892325
892326
892327
892328
892329
892330
892331
892332
892334
892335
892336
892337
892338
892339
892340
892341
892342
892343
892344
892345
892346
892347
892348
892349
892350
892351
892352
892353
892354
892355
892356
892357
892358
892359
892360
892361
892362
892363
892364
892365
892366
892367
892368
892369
892370
892371
892372
892373
892374
892375
892376
892377
892378
892379
892380
892381
892382
892383
892384
892385
892386
892387
892388
892389
892390
892391
892392
892393
892394
892395
892396
892397
892398
892399
892400
892401
892402
892403
892404
892405
892406
892407
892408
892409
892410
892411
892412
892413
892414
892415
892416
892417
892418
892419
892420
892421
892422
892423
892424
892425
892426
892427
892428
892429
892430
892431
892432
892433
892434
892435
892436
892437
892438
892439
892440
892441
892442
892443
892445
892446
892447
892448
892449
892450
892451
892452
892453
892454
892455
892456
892457
892458
892459
892460
892461
892462
892463
892464
892465
892466
892467
892468
892469
892470
892471
892472
892473
892474
892475
892476
892477
892478
892479
892480
892481
892482
892483
892484
892485
892486
892487
892488
892489
892490
892491
892492
892493
892494
892495
892496
892497
892498
892499
892500
892501
892502
892503
892504
892505
892506
892507
892508
892509
892510
892511
892512
892513
892514
892515
892516
892517
892518
892519
892520
892521
892522
892523
892524
892525
892526
