893691
893692
893693
893694
893695
893696
893697
893698
893699
893700
893701
893702
893703
893704
893705
893706
893707
893708
893709
893710
893711
893712
893713
893714
893715
893716
893717
893718
893719
893720
893721
893722
893723
893724
893725
893726
893727
893728
893729
893730
893731
893732
893733
893734
893735
893736
893737
893738
893739
893740
893741
893742
893743
893744
893745
893746
893747
893748
893749
893750
893751
893752
893753
893754
893755
893756
893757
893758
893759
893760
893761
893762
893763
893764
893765
893766
893767
893768
893769
893770
893771
893772
893773
893774
893775
893776
893778
893779
893780
893781
893782
893783
893784
893785
893786
893787
893788
893789
893790
893791
893792
893793
893794
893795
893796
893797
893798
893799
893800
893801
893802
893803
893804
893805
893806
893807
893808
893809
893810
893811
893812
893813
893814
893815
893816
893817
893818
893819
893820
893821
893822
893823
893824
893825
893826
893827
893828
893829
893830
893831
893832
893833
893834
893835
893836
893837
893838
893839
893840
893841
893842
893843
893844
893845
893846
893847
893848
893849
893850
893851
893852
893853
893854
893855
893856
893857
893858
893859
893860
893861
893862
893863
893864
893865
893866
893867
893868
893869
893870
893871
893872
893873
893874
893875
893876
893877
893878
893879
893880
893881
893882
893883
893884
893885
893886
893887
893889
893890
893891
893892
893893
893894
893895
893896
893897
893898
893899
893900
893901
893902
893903
893904
893905
893906
893907
893908
893909
893910
893911
893912
893913
893914
893915
893916
893917
893918
893919
893920
893921
893922
893923
893924
893925
893926
893927
893928
893929
893930
893931
893932
893933
893934
893935
893936
893937
893938
893939
893940
893941
893942
893943
893944
893945
893946
893947
893948
893949
893950
893951
893952
893953
893954
893955
893956
893957
893958
893959
893960
893961
893962
893963
893964
893965
893966
893967
893968
893969
893970
893971
893972
893973
893974
893975
893976
893977
893978
893979
893980
893981
893982
893983
893984
893985
893986
893987
893988
893989
893990
893991
893992
893993
893994
893995
893996
893997
893998
894001
894002
894003
894004
894005
894006
894007
894008
894009
894010
894011
894012
894013
894014
894015
894016
894017
894018
894019
894020
894021
894022
894023
894024
894025
894026
894027
894028
894029
894030
894031
894032
894033
894034
894035
894036
894037
894038
894039
894040
894041
894042
894043
894044
894045
894046
894047
894048
894049
894050
894051
894052
894053
894054
894055
894056
894057
894058
894059
894060
894061
894062
894063
894064
894065
894066
894067
894068
894069
894070
894071
894072
894073
894074
894075
894076
894077
894078
894079
894080
894081
894082
894083
894084
894085
894086
894087
894088
894089
894090
894091
894092
894093
894094
894095
894096
894097
894098
894099
894100
894101
894102
894103
894104
894105
894106
894107
894108
894109
894110
894112
894113
894114
894115
894116
894117
894118
894119
894120
894121
894122
894123
894124
894125
894126
894127
894128
894129
894130
894131
894132
894133
894134
894135
894136
894137
894138
894139
894140
894141
894142
894143
894144
894145
894146
894147
894148
894149
894150
894151
894152
894153
894154
894155
894156
894157
894158
894159
894160
894161
894162
894163
894164
894165
894166
894167
894168
894169
894170
894171
894172
894173
894174
894175
894176
894177
894178
894179
894180
894181
894182
894183
894184
894185
894186
894187
894188
894189
894190
894191
894192
894193
894194
894195
894196
894197
894198
894199
894200
894201
894202
894203
894204
894205
894206
894207
894208
894209
894210
894211
894212
894213
894214
894215
894216
894217
894218
894219
894220
894221
894223
894224
894225
894226
894227
894228
894229
894230
894231
894232
894233
894234
894235
894236
894237
894238
894239
894240
894241
894242
894243
894244
894245
894246
894247
894248
894249
894250
894251
894252
894253
894254
894255
894256
894257
894258
894259
894260
894261
894262
894263
894264
894265
894266
894267
894268
894269
894270
894271
894272
894273
894274
894275
894276
894277
894278
894279
894280
894281
894282
894283
894284
894285
894286
894287
894288
894289
894290
894291
894292
894293
894294
894295
894296
894297
894298
894299
894300
894301
894302
894303
894304
894305
894306
894307
894308
894309
894310
894311
894312
894313
894314
894315
894316
894317
894318
894319
894320
894321
894322
894323
894324
894325
894326
894327
894328
894329
894330
894331
894332
894334
894335
894336
894337
894338
894339
894340
894341
894342
894343
894344
894345
894346
894347
894348
894349
894350
894351
894352
894353
894354
894355
894356
894357
894358
894359
894360
894361
894362
894363
894364
894365
894366
894367
894368
894369
894370
894371
894372
894373
894374
894375
894376
894377
894378
894379
894380
894381
894382
894383
894384
894385
894386
894387
894388
894389
894390
894391
894392
894393
894394
894395
894396
894397
894398
894399
894400
894401
894402
894403
894404
894405
894406
894407
894408
894409
894410
894411
894412
894413
894414
894415
894416
894417
894418
894419
894420
894421
894422
894423
894424
894425
894426
894427
894428
894429
894430
894431
894432
894433
894434
894435
894436
894437
894438
894439
894450
894451
894452
894453
894454
894455
894456
894457
894458
894459
894460
894461
894462
894463
894464
894465
894466
894467
894468
894469
894470
894471
894472
894473
894474
894475
894476
894477
894478
894479
894480
894481
894482
894483
894484
894485
894486
894487
894488
894489
894490
894491
894492
894493
894494
894495
894496
894497
894498
894499
894500
894501
894502
894503
894504
894505
894506
894507
894508
894509
894510
894511
894512
894513
894514
894515
894516
894517
894518
894519
894520
894521
894522
894523
894524
894525
894526
894527
894528
894529
894530
894531
894532
894533
894534
894535
894536
894537
894538
894539
894540
894541
894542
894543
894544
894545
894546
894547
894548
894549
894550
894551
894552
894553
894554
894556
894557
894558
894559
894560
894561
894562
894563
894564
894565
894566
894567
894568
894569
894570
894571
894572
894573
894574
894575
894576
894577
894578
894579
894580
894581
894582
894583
894584
894585
894586
894587
894588
894589
894590
894591
894592
894593
894594
894595
894596
894597
894598
894599
894600
894601
894602
894603
894604
894605
894606
894607
894608
894609
894610
894611
894612
894613
894614
894615
894616
894617
894618
894619
894620
894621
894622
894623
894624
894625
894626
894627
894628
894629
894630
894631
894632
894633
894634
894635
894636
894637
894638
894639
894640
894641
894642
894643
894644
894645
894646
894647
894648
894649
894650
894651
894652
894653
894654
894655
894656
894657
894658
894659
894660
894661
894662
894663
894664
894665
894667
894668
894669
894670
894671
894672
894673
894674
894675
894676
894677
894678
894679
894680
894681
894682
894683
894684
894685
894686
894687
894688
894689
894690
894691
894692
894693
894694
894695
894696
894697
894698
894699
894700
894701
894702
894703
894704
894705
894706
894707
894708
894709
894710
894711
894712
894713
894714
894715
894716
894717
894718
894719
894720
894721
894722
894723
894724
894725
894726
894727
894728
894729
894730
894731
894732
894733
894734
894735
894736
894737
894738
894739
894740
894741
894742
894743
894744
894745
894746
894747
894748
894749
894750
894751
894752
894753
894754
894755
894756
894757
894758
894759
894760
894761
894762
894763
894764
894765
894766
894767
894768
894769
894770
894771
894772
894773
894774
894775
894776
894778
894779
894780
894781
894782
894783
894784
894785
894786
894787
894788
894789
894790
894791
894792
894793
894794
894795
894796
894797
894798
894799
894800
894801
894802
894803
894804
894805
894806
894807
894808
894809
894810
894811
894812
894813
894814
894815
894816
894817
894818
894819
894820
894821
894822
894823
894824
894825
894826
894827
894828
894829
894830
894831
894832
894833
894834
894835
894836
894837
894838
894839
894840
894841
894842
894843
894844
894845
894846
894847
894848
894849
894850
894851
894852
894853
