894854
894855
894856
894857
894858
894859
894860
894861
894862
894863
894864
894865
894866
894867
894868
894869
894870
894871
894872
894873
894874
894875
894876
894877
894878
894879
894880
894881
894882
894883
894884
894885
894886
894887
894889
894890
894891
894892
894893
894894
894895
894896
894897
894898
894899
894900
894901
894902
894903
894904
894905
894906
894907
894908
894909
894910
894911
894912
894913
894914
894915
894916
894917
894918
894919
894920
894921
894922
894923
894924
894925
894926
894927
894928
894929
894930
894931
894932
894933
894934
894935
894936
894937
894938
894939
894940
894941
894942
894943
894944
894945
894946
894947
894948
894949
894950
894951
894952
894953
894954
894955
894956
894957
894958
894959
894960
894961
894962
894963
894964
894965
894966
894967
894968
894969
894970
894971
894972
894973
894974
894975
894976
894977
894978
894979
894980
894981
894982
894983
894984
894985
894986
894987
894988
894989
894990
894991
894992
894993
894994
894995
894996
894997
894998
895001
895002
895003
895004
895005
895006
895007
895008
895009
895010
895011
895012
895013
895014
895015
895016
895017
895018
895019
895020
895021
895022
895023
895024
895025
895026
895027
895028
895029
895030
895031
895032
895033
895034
895035
895036
895037
895038
895039
895040
895041
895042
895043
895044
895045
895046
895047
895048
895049
895050
895051
895052
895053
895054
895055
895056
895057
895058
895059
895060
895061
895062
895063
895064
895065
895066
895067
895068
895069
895070
895071
895072
895073
895074
895075
895076
895077
895078
895079
895080
895081
895082
895083
895084
895085
895086
895087
895088
895089
895090
895091
895092
895093
895094
895095
895096
895097
895098
895099
895100
895101
895102
895103
895104
895105
895106
895107
895108
895109
895110
895112
895113
895114
895115
895116
895117
895118
895119
895120
895121
895122
895123
895124
895125
895126
895127
895128
895129
895130
895131
895132
895133
895134
895135
895136
895137
895138
895139
895140
895141
895142
895143
895144
895145
895146
895147
895148
895149
895150
895151
895152
895153
895154
895155
895156
895157
895158
895159
895160
895161
895162
895163
895164
895165
895166
895167
895168
895169
895170
895171
895172
895173
895174
895175
895176
895177
895178
895179
895180
895181
895182
895183
895184
895185
895186
895187
895188
895189
895190
895191
895192
895193
895194
895195
895196
895197
895198
895199
895200
895201
895202
895203
895204
895205
895206
895207
895208
895209
895210
895211
895212
895213
895214
895215
895216
895217
895218
895219
895220
895221
895223
895224
895225
895226
895227
895228
895229
895230
895231
895232
895233
895234
895235
895236
895237
895238
895239
895240
895241
895242
895243
895244
895245
895246
895247
895248
895249
895250
895251
895252
895253
895254
895255
895256
895257
895258
895259
895260
895261
895262
895263
895264
895265
895266
895267
895268
895269
895270
895271
895272
895273
895274
895275
895276
895277
895278
895279
895280
895281
895282
895283
895284
895285
895286
895287
895288
895289
895290
895291
895292
895293
895294
895295
895296
895297
895298
895299
895300
895301
895302
895303
895304
895305
895306
895307
895308
895309
895310
895311
895312
895313
895314
895315
895316
895317
895318
895319
895320
895321
895322
895323
895324
895325
895326
895327
895328
895329
895330
895331
895332
895334
895335
895336
895337
895338
895339
895340
895341
895342
895343
895344
895345
895346
895347
895348
895349
895350
895351
895352
895353
895354
895355
895356
895357
895358
895359
895360
895361
895362
895363
895364
895365
895366
895367
895368
895369
895370
895371
895372
895373
895374
895375
895376
895377
895378
895379
895380
895381
895382
895383
895384
895385
895386
895387
895388
895389
895390
895391
895392
895393
895394
895395
895396
895397
895398
895399
895400
895401
895402
895403
895404
895405
895406
895407
895408
895409
895410
895411
895412
895413
895414
895415
895416
895417
895418
895419
895420
895421
895422
895423
895424
895425
895426
895427
895428
895429
895430
895431
895432
895433
895434
895435
895436
895437
895438
895439
895440
895441
895442
895443
895445
895446
895447
895448
895449
895450
895451
895452
895453
895454
895455
895456
895457
895458
895459
895460
895461
895462
895463
895464
895465
895466
895467
895468
895469
895470
895471
895472
895473
895474
895475
895476
895477
895478
895479
895480
895481
895482
895483
895484
895485
895486
895487
895488
895489
895490
895491
895492
895493
895494
895495
895496
895497
895498
895499
895500
895501
895502
895503
895504
895505
895506
895507
895508
895509
895510
895511
895512
895513
895514
895515
895516
895517
895518
895519
895520
895521
895522
895523
895524
895525
895526
895527
895528
895529
895530
895531
895532
895533
895534
895535
895536
895537
895538
895539
895540
895541
895542
895543
895544
895545
895546
895547
895548
895549
895560
895561
895562
895563
895564
895565
895566
895567
895568
895569
895570
895571
895572
895573
895574
895575
895576
895577
895578
895579
895580
895581
895582
895583
895584
895585
895586
895587
895588
895589
895590
895591
895592
895593
895594
895595
895596
895597
895598
895599
895600
895601
895602
895603
895604
895605
895606
895607
895608
895609
895610
895611
895612
895613
895614
895615
895616
895617
895618
895619
895620
895621
895622
895623
895624
895625
895626
895627
895628
895629
895630
895631
895632
895633
895634
895635
895636
895637
895638
895639
895640
895641
895642
895643
895644
895645
895646
895647
895648
895649
895650
895651
895652
895653
895654
895655
895656
895657
895658
895659
895660
895661
895662
895663
895664
895665
895667
895668
895669
895670
895671
895672
895673
895674
895675
895676
895677
895678
895679
895680
895681
895682
895683
895684
895685
895686
895687
895688
895689
895690
895691
895692
895693
895694
895695
895696
895697
895698
895699
895700
895701
895702
895703
895704
895705
895706
895707
895708
895709
895710
895711
895712
895713
895714
895715
895716
895717
895718
895719
895720
895721
895722
895723
895724
895725
895726
895727
895728
895729
895730
895731
895732
895733
895734
895735
895736
895737
895738
895739
895740
895741
895742
895743
895744
895745
895746
895747
895748
895749
895750
895751
895752
895753
895754
895755
895756
895757
895758
895759
895760
895761
895762
895763
895764
895765
895766
895767
895768
895769
895770
895771
895772
895773
895774
895775
895776
895778
895779
895780
895781
895782
895783
895784
895785
895786
895787
895788
895789
895790
895791
895792
895793
895794
895795
895796
895797
895798
895799
895800
895801
895802
895803
895804
895805
895806
895807
895808
895809
895810
895811
895812
895813
895814
895815
895816
895817
895818
895819
895820
895821
895822
895823
895824
895825
895826
895827
895828
895829
895830
895831
895832
895833
895834
895835
895836
895837
895838
895839
895840
895841
895842
895843
895844
895845
895846
895847
895848
895849
895850
895851
895852
895853
895854
895855
895856
895857
895858
895859
895860
895861
895862
895863
895864
895865
895866
895867
895868
895869
895870
895871
895872
895873
895874
895875
895876
895877
895878
895879
895880
895881
895882
895883
895884
895885
895886
895887
895889
895890
895891
895892
895893
895894
895895
895896
895897
895898
895899
895900
895901
895902
895903
895904
895905
895906
895907
895908
895909
895910
895911
895912
895913
895914
895915
895916
895917
895918
895919
895920
895921
895922
895923
895924
895925
895926
895927
895928
895929
895930
895931
895932
895933
895934
895935
895936
895937
895938
895939
895940
895941
895942
895943
895944
895945
895946
895947
895948
895949
895950
895951
895952
895953
895954
895955
895956
895957
895958
895959
895960
895961
895962
895963
895964
895965
895966
895967
895968
895969
895970
895971
895972
895973
895974
895975
895976
895977
895978
895979
895980
895981
895982
895983
895984
895985
895986
895987
895988
895989
895990
895991
895992
895993
895994
895995
895996
895997
895998
896001
896002
896003
896004
896005
896006
896007
896008
896009
896010
896011
896012
896013
896014
896015
896016
896017
896018
