896019
896020
896021
896022
896023
896024
896025
896026
896027
896028
896029
896030
896031
896032
896033
896034
896035
896036
896037
896038
896039
896040
896041
896042
896043
896044
896045
896046
896047
896048
896049
896050
896051
896052
896053
896054
896055
896056
896057
896058
896059
896060
896061
896062
896063
896064
896065
896066
896067
896068
896069
896070
896071
896072
896073
896074
896075
896076
896077
896078
896079
896080
896081
896082
896083
896084
896085
896086
896087
896088
896089
896090
896091
896092
896093
896094
896095
896096
896097
896098
896099
896100
896101
896102
896103
896104
896105
896106
896107
896108
896109
896110
896112
896113
896114
896115
896116
896117
896118
896119
896120
896121
896122
896123
896124
896125
896126
896127
896128
896129
896130
896131
896132
896133
896134
896135
896136
896137
896138
896139
896140
896141
896142
896143
896144
896145
896146
896147
896148
896149
896150
896151
896152
896153
896154
896155
896156
896157
896158
896159
896160
896161
896162
896163
896164
896165
896166
896167
896168
896169
896170
896171
896172
896173
896174
896175
896176
896177
896178
896179
896180
896181
896182
896183
896184
896185
896186
896187
896188
896189
896190
896191
896192
896193
896194
896195
896196
896197
896198
896199
896200
896201
896202
896203
896204
896205
896206
896207
896208
896209
896210
896211
896212
896213
896214
896215
896216
896217
896218
896219
896220
896221
896223
896224
896225
896226
896227
896228
896229
896230
896231
896232
896233
896234
896235
896236
896237
896238
896239
896240
896241
896242
896243
896244
896245
896246
896247
896248
896249
896250
896251
896252
896253
896254
896255
896256
896257
896258
896259
896260
896261
896262
896263
896264
896265
896266
896267
896268
896269
896270
896271
896272
896273
896274
896275
896276
896277
896278
896279
896280
896281
896282
896283
896284
896285
896286
896287
896288
896289
896290
896291
896292
896293
896294
896295
896296
896297
896298
896299
896300
896301
896302
896303
896304
896305
896306
896307
896308
896309
896310
896311
896312
896313
896314
896315
896316
896317
896318
896319
896320
896321
896322
896323
896324
896325
896326
896327
896328
896329
896330
896331
896332
896334
896335
896336
896337
896338
896339
896340
896341
896342
896343
896344
896345
896346
896347
896348
896349
896350
896351
896352
896353
896354
896355
896356
896357
896358
896359
896360
896361
896362
896363
896364
896365
896366
896367
896368
896369
896370
896371
896372
896373
896374
896375
896376
896377
896378
896379
896380
896381
896382
896383
896384
896385
896386
896387
896388
896389
896390
896391
896392
896393
896394
896395
896396
896397
896398
896399
896400
896401
896402
896403
896404
896405
896406
896407
896408
896409
896410
896411
896412
896413
896414
896415
896416
896417
896418
896419
896420
896421
896422
896423
896424
896425
896426
896427
896428
896429
896430
896431
896432
896433
896434
896435
896436
896437
896438
896439
896440
896441
896442
896443
896445
896446
896447
896448
896449
896450
896451
896452
896453
896454
896455
896456
896457
896458
896459
896460
896461
896462
896463
896464
896465
896466
896467
896468
896469
896470
896471
896472
896473
896474
896475
896476
896477
896478
896479
896480
896481
896482
896483
896484
896485
896486
896487
896488
896489
896490
896491
896492
896493
896494
896495
896496
896497
896498
896499
896500
896501
896502
896503
896504
896505
896506
896507
896508
896509
896510
896511
896512
896513
896514
896515
896516
896517
896518
896519
896520
896521
896522
896523
896524
896525
896526
896527
896528
896529
896530
896531
896532
896533
896534
896535
896536
896537
896538
896539
896540
896541
896542
896543
896544
896545
896546
896547
896548
896549
896550
896551
896552
896553
896554
896556
896557
896558
896559
896560
896561
896562
896563
896564
896565
896566
896567
896568
896569
896570
896571
896572
896573
896574
896575
896576
896577
896578
896579
896580
896581
896582
896583
896584
896585
896586
896587
896588
896589
896590
896591
896592
896593
896594
896595
896596
896597
896598
896599
896600
896601
896602
896603
896604
896605
896606
896607
896608
896609
896610
896611
896612
896613
896614
896615
896616
896617
896618
896619
896620
896621
896622
896623
896624
896625
896626
896627
896628
896629
896630
896631
896632
896633
896634
896635
896636
896637
896638
896639
896640
896641
896642
896643
896644
896645
896646
896647
896648
896649
896650
896651
896652
896653
896654
896655
896656
896657
896658
896659
896670
896671
896672
896673
896674
896675
896676
896677
896678
896679
896680
896681
896682
896683
896684
896685
896686
896687
896688
896689
896690
896691
896692
896693
896694
896695
896696
896697
896698
896699
896700
896701
896702
896703
896704
896705
896706
896707
896708
896709
896710
896711
896712
896713
896714
896715
896716
896717
896718
896719
896720
896721
896722
896723
896724
896725
896726
896727
896728
896729
896730
896731
896732
896733
896734
896735
896736
896737
896738
896739
896740
896741
896742
896743
896744
896745
896746
896747
896748
896749
896750
896751
896752
896753
896754
896755
896756
896757
896758
896759
896760
896761
896762
896763
896764
896765
896766
896767
896768
896769
896770
896771
896772
896773
896774
896775
896776
896778
896779
896780
896781
896782
896783
896784
896785
896786
896787
896788
896789
896790
896791
896792
896793
896794
896795
896796
896797
896798
896799
896800
896801
896802
896803
896804
896805
896806
896807
896808
896809
896810
896811
896812
896813
896814
896815
896816
896817
896818
896819
896820
896821
896822
896823
896824
896825
896826
896827
896828
896829
896830
896831
896832
896833
896834
896835
896836
896837
896838
896839
896840
896841
896842
896843
896844
896845
896846
896847
896848
896849
896850
896851
896852
896853
896854
896855
896856
896857
896858
896859
896860
896861
896862
896863
896864
896865
896866
896867
896868
896869
896870
896871
896872
896873
896874
896875
896876
896877
896878
896879
896880
896881
896882
896883
896884
896885
896886
896887
896889
896890
896891
896892
896893
896894
896895
896896
896897
896898
896899
896900
896901
896902
896903
896904
896905
896906
896907
896908
896909
896910
896911
896912
896913
896914
896915
896916
896917
896918
896919
896920
896921
896922
896923
896924
896925
896926
896927
896928
896929
896930
896931
896932
896933
896934
896935
896936
896937
896938
896939
896940
896941
896942
896943
896944
896945
896946
896947
896948
896949
896950
896951
896952
896953
896954
896955
896956
896957
896958
896959
896960
896961
896962
896963
896964
896965
896966
896967
896968
896969
896970
896971
896972
896973
896974
896975
896976
896977
896978
896979
896980
896981
896982
896983
896984
896985
896986
896987
896988
896989
896990
896991
896992
896993
896994
896995
896996
896997
896998
897001
897002
897003
897004
897005
897006
897007
897008
897009
897010
897011
897012
897013
897014
897015
897016
897017
897018
897019
897020
897021
897022
897023
897024
897025
897026
897027
897028
897029
897030
897031
897032
897033
897034
897035
897036
897037
897038
897039
897040
897041
897042
897043
897044
897045
897046
897047
897048
897049
897050
897051
897052
897053
897054
897055
897056
897057
897058
897059
897060
897061
897062
897063
897064
897065
897066
897067
897068
897069
897070
897071
897072
897073
897074
897075
897076
897077
897078
897079
897080
897081
897082
897083
897084
897085
897086
897087
897088
897089
897090
897091
897092
897093
897094
897095
897096
897097
897098
897099
897100
897101
897102
897103
897104
897105
897106
897107
897108
897109
897110
897112
897113
897114
897115
897116
897117
897118
897119
897120
897121
897122
897123
897124
897125
897126
897127
897128
897129
897130
897131
897132
897133
897134
897135
897136
897137
897138
897139
897140
897141
897142
897143
897144
897145
897146
897147
897148
897149
897150
897151
897152
897153
897154
897155
897156
897157
897158
897159
897160
897161
897162
897163
897164
897165
897166
897167
897168
897169
897170
897171
897172
897173
897174
897175
897176
897177
897178
897179
897180
897181
