897182
897183
897184
897185
897186
897187
897188
897189
897190
897191
897192
897193
897194
897195
897196
897197
897198
897199
897200
897201
897202
897203
897204
897205
897206
897207
897208
897209
897210
897211
897212
897213
897214
897215
897216
897217
897218
897219
897220
897221
897223
897224
897225
897226
897227
897228
897229
897230
897231
897232
897233
897234
897235
897236
897237
897238
897239
897240
897241
897242
897243
897244
897245
897246
897247
897248
897249
897250
897251
897252
897253
897254
897255
897256
897257
897258
897259
897260
897261
897262
897263
897264
897265
897266
897267
897268
897269
897270
897271
897272
897273
897274
897275
897276
897277
897278
897279
897280
897281
897282
897283
897284
897285
897286
897287
897288
897289
897290
897291
897292
897293
897294
897295
897296
897297
897298
897299
897300
897301
897302
897303
897304
897305
897306
897307
897308
897309
897310
897311
897312
897313
897314
897315
897316
897317
897318
897319
897320
897321
897322
897323
897324
897325
897326
897327
897328
897329
897330
897331
897332
897334
897335
897336
897337
897338
897339
897340
897341
897342
897343
897344
897345
897346
897347
897348
897349
897350
897351
897352
897353
897354
897355
897356
897357
897358
897359
897360
897361
897362
897363
897364
897365
897366
897367
897368
897369
897370
897371
897372
897373
897374
897375
897376
897377
897378
897379
897380
897381
897382
897383
897384
897385
897386
897387
897388
897389
897390
897391
897392
897393
897394
897395
897396
897397
897398
897399
897400
897401
897402
897403
897404
897405
897406
897407
897408
897409
897410
897411
897412
897413
897414
897415
897416
897417
897418
897419
897420
897421
897422
897423
897424
897425
897426
897427
897428
897429
897430
897431
897432
897433
897434
897435
897436
897437
897438
897439
897440
897441
897442
897443
897445
897446
897447
897448
897449
897450
897451
897452
897453
897454
897455
897456
897457
897458
897459
897460
897461
897462
897463
897464
897465
897466
897467
897468
897469
897470
897471
897472
897473
897474
897475
897476
897477
897478
897479
897480
897481
897482
897483
897484
897485
897486
897487
897488
897489
897490
897491
897492
897493
897494
897495
897496
897497
897498
897499
897500
897501
897502
897503
897504
897505
897506
897507
897508
897509
897510
897511
897512
897513
897514
897515
897516
897517
897518
897519
897520
897521
897522
897523
897524
897525
897526
897527
897528
897529
897530
897531
897532
897533
897534
897535
897536
897537
897538
897539
897540
897541
897542
897543
897544
897545
897546
897547
897548
897549
897550
897551
897552
897553
897554
897556
897557
897558
897559
897560
897561
897562
897563
897564
897565
897566
897567
897568
897569
897570
897571
897572
897573
897574
897575
897576
897577
897578
897579
897580
897581
897582
897583
897584
897585
897586
897587
897588
897589
897590
897591
897592
897593
897594
897595
897596
897597
897598
897599
897600
897601
897602
897603
897604
897605
897606
897607
897608
897609
897610
897611
897612
897613
897614
897615
897616
897617
897618
897619
897620
897621
897622
897623
897624
897625
897626
897627
897628
897629
897630
897631
897632
897633
897634
897635
897636
897637
897638
897639
897640
897641
897642
897643
897644
897645
897646
897647
897648
897649
897650
897651
897652
897653
897654
897655
897656
897657
897658
897659
897660
897661
897662
897663
897664
897665
897667
897668
897669
897670
897671
897672
897673
897674
897675
897676
897677
897678
897679
897680
897681
897682
897683
897684
897685
897686
897687
897688
897689
897690
897691
897692
897693
897694
897695
897696
897697
897698
897699
897700
897701
897702
897703
897704
897705
897706
897707
897708
897709
897710
897711
897712
897713
897714
897715
897716
897717
897718
897719
897720
897721
897722
897723
897724
897725
897726
897727
897728
897729
897730
897731
897732
897733
897734
897735
897736
897737
897738
897739
897740
897741
897742
897743
897744
897745
897746
897747
897748
897749
897750
897751
897752
897753
897754
897755
897756
897757
897758
897759
897760
897761
897762
897763
897764
897765
897766
897767
897768
897769
897780
897781
897782
897783
897784
897785
897786
897787
897788
897789
897790
897791
897792
897793
897794
897795
897796
897797
897798
897799
897800
897801
897802
897803
897804
897805
897806
897807
897808
897809
897810
897811
897812
897813
897814
897815
897816
897817
897818
897819
897820
897821
897822
897823
897824
897825
897826
897827
897828
897829
897830
897831
897832
897833
897834
897835
897836
897837
897838
897839
897840
897841
897842
897843
897844
897845
897846
897847
897848
897849
897850
897851
897852
897853
897854
897855
897856
897857
897858
897859
897860
897861
897862
897863
897864
897865
897866
897867
897868
897869
897870
897871
897872
897873
897874
897875
897876
897877
897878
897879
897880
897881
897882
897883
897884
897885
897886
897887
897889
897890
897891
897892
897893
897894
897895
897896
897897
897898
897899
897900
897901
897902
897903
897904
897905
897906
897907
897908
897909
897910
897911
897912
897913
897914
897915
897916
897917
897918
897919
897920
897921
897922
897923
897924
897925
897926
897927
897928
897929
897930
897931
897932
897933
897934
897935
897936
897937
897938
897939
897940
897941
897942
897943
897944
897945
897946
897947
897948
897949
897950
897951
897952
897953
897954
897955
897956
897957
897958
897959
897960
897961
897962
897963
897964
897965
897966
897967
897968
897969
897970
897971
897972
897973
897974
897975
897976
897977
897978
897979
897980
897981
897982
897983
897984
897985
897986
897987
897988
897989
897990
897991
897992
897993
897994
897995
897996
897997
897998
898001
898002
898003
898004
898005
898006
898007
898008
898009
898010
898011
898012
898013
898014
898015
898016
898017
898018
898019
898020
898021
898022
898023
898024
898025
898026
898027
898028
898029
898030
898031
898032
898033
898034
898035
898036
898037
898038
898039
898040
898041
898042
898043
898044
898045
898046
898047
898048
898049
898050
898051
898052
898053
898054
898055
898056
898057
898058
898059
898060
898061
898062
898063
898064
898065
898066
898067
898068
898069
898070
898071
898072
898073
898074
898075
898076
898077
898078
898079
898080
898081
898082
898083
898084
898085
898086
898087
898088
898089
898090
898091
898092
898093
898094
898095
898096
898097
898098
898099
898100
898101
898102
898103
898104
898105
898106
898107
898108
898109
898110
898112
898113
898114
898115
898116
898117
898118
898119
898120
898121
898122
898123
898124
898125
898126
898127
898128
898129
898130
898131
898132
898133
898134
898135
898136
898137
898138
898139
898140
898141
898142
898143
898144
898145
898146
898147
898148
898149
898150
898151
898152
898153
898154
898155
898156
898157
898158
898159
898160
898161
898162
898163
898164
898165
898166
898167
898168
898169
898170
898171
898172
898173
898174
898175
898176
898177
898178
898179
898180
898181
898182
898183
898184
898185
898186
898187
898188
898189
898190
898191
898192
898193
898194
898195
898196
898197
898198
898199
898200
898201
898202
898203
898204
898205
898206
898207
898208
898209
898210
898211
898212
898213
898214
898215
898216
898217
898218
898219
898220
898221
898223
898224
898225
898226
898227
898228
898229
898230
898231
898232
898233
898234
898235
898236
898237
898238
898239
898240
898241
898242
898243
898244
898245
898246
898247
898248
898249
898250
898251
898252
898253
898254
898255
898256
898257
898258
898259
898260
898261
898262
898263
898264
898265
898266
898267
898268
898269
898270
898271
898272
898273
898274
898275
898276
898277
898278
898279
898280
898281
898282
898283
898284
898285
898286
898287
898288
898289
898290
898291
898292
898293
898294
898295
898296
898297
898298
898299
898300
898301
898302
898303
898304
898305
898306
898307
898308
898309
898310
898311
898312
898313
898314
898315
898316
898317
898318
898319
898320
898321
898322
898323
898324
898325
898326
898327
898328
898329
898330
898331
898332
898334
898335
898336
898337
898338
898339
898340
898341
898342
898343
898344
898345
