898346
898347
898348
898349
898350
898351
898352
898353
898354
898355
898356
898357
898358
898359
898360
898361
898362
898363
898364
898365
898366
898367
898368
898369
898370
898371
898372
898373
898374
898375
898376
898377
898378
898379
898380
898381
898382
898383
898384
898385
898386
898387
898388
898389
898390
898391
898392
898393
898394
898395
898396
898397
898398
898399
898400
898401
898402
898403
898404
898405
898406
898407
898408
898409
898410
898411
898412
898413
898414
898415
898416
898417
898418
898419
898420
898421
898422
898423
898424
898425
898426
898427
898428
898429
898430
898431
898432
898433
898434
898435
898436
898437
898438
898439
898440
898441
898442
898443
898445
898446
898447
898448
898449
898450
898451
898452
898453
898454
898455
898456
898457
898458
898459
898460
898461
898462
898463
898464
898465
898466
898467
898468
898469
898470
898471
898472
898473
898474
898475
898476
898477
898478
898479
898480
898481
898482
898483
898484
898485
898486
898487
898488
898489
898490
898491
898492
898493
898494
898495
898496
898497
898498
898499
898500
898501
898502
898503
898504
898505
898506
898507
898508
898509
898510
898511
898512
898513
898514
898515
898516
898517
898518
898519
898520
898521
898522
898523
898524
898525
898526
898527
898528
898529
898530
898531
898532
898533
898534
898535
898536
898537
898538
898539
898540
898541
898542
898543
898544
898545
898546
898547
898548
898549
898550
898551
898552
898553
898554
898556
898557
898558
898559
898560
898561
898562
898563
898564
898565
898566
898567
898568
898569
898570
898571
898572
898573
898574
898575
898576
898577
898578
898579
898580
898581
898582
898583
898584
898585
898586
898587
898588
898589
898590
898591
898592
898593
898594
898595
898596
898597
898598
898599
898600
898601
898602
898603
898604
898605
898606
898607
898608
898609
898610
898611
898612
898613
898614
898615
898616
898617
898618
898619
898620
898621
898622
898623
898624
898625
898626
898627
898628
898629
898630
898631
898632
898633
898634
898635
898636
898637
898638
898639
898640
898641
898642
898643
898644
898645
898646
898647
898648
898649
898650
898651
898652
898653
898654
898655
898656
898657
898658
898659
898660
898661
898662
898663
898664
898665
898667
898668
898669
898670
898671
898672
898673
898674
898675
898676
898677
898678
898679
898680
898681
898682
898683
898684
898685
898686
898687
898688
898689
898690
898691
898692
898693
898694
898695
898696
898697
898698
898699
898700
898701
898702
898703
898704
898705
898706
898707
898708
898709
898710
898711
898712
898713
898714
898715
898716
898717
898718
898719
898720
898721
898722
898723
898724
898725
898726
898727
898728
898729
898730
898731
898732
898733
898734
898735
898736
898737
898738
898739
898740
898741
898742
898743
898744
898745
898746
898747
898748
898749
898750
898751
898752
898753
898754
898755
898756
898757
898758
898759
898760
898761
898762
898763
898764
898765
898766
898767
898768
898769
898770
898771
898772
898773
898774
898775
898776
898778
898779
898780
898781
898782
898783
898784
898785
898786
898787
898788
898789
898790
898791
898792
898793
898794
898795
898796
898797
898798
898799
898800
898801
898802
898803
898804
898805
898806
898807
898808
898809
898810
898811
898812
898813
898814
898815
898816
898817
898818
898819
898820
898821
898822
898823
898824
898825
898826
898827
898828
898829
898830
898831
898832
898833
898834
898835
898836
898837
898838
898839
898840
898841
898842
898843
898844
898845
898846
898847
898848
898849
898850
898851
898852
898853
898854
898855
898856
898857
898858
898859
898860
898861
898862
898863
898864
898865
898866
898867
898868
898869
898870
898871
898872
898873
898874
898875
898876
898877
898878
898879
898890
898891
898892
898893
898894
898895
898896
898897
898898
898899
898900
898901
898902
898903
898904
898905
898906
898907
898908
898909
898910
898911
898912
898913
898914
898915
898916
898917
898918
898919
898920
898921
898922
898923
898924
898925
898926
898927
898928
898929
898930
898931
898932
898933
898934
898935
898936
898937
898938
898939
898940
898941
898942
898943
898944
898945
898946
898947
898948
898949
898950
898951
898952
898953
898954
898955
898956
898957
898958
898959
898960
898961
898962
898963
898964
898965
898966
898967
898968
898969
898970
898971
898972
898973
898974
898975
898976
898977
898978
898979
898980
898981
898982
898983
898984
898985
898986
898987
898988
898989
898990
898991
898992
898993
898994
898995
898996
898997
898998
899001
899002
899003
899004
899005
899006
899007
899008
899009
899010
899011
899012
899013
899014
899015
899016
899017
899018
899019
899020
899021
899022
899023
899024
899025
899026
899027
899028
899029
899030
899031
899032
899033
899034
899035
899036
899037
899038
899039
899040
899041
899042
899043
899044
899045
899046
899047
899048
899049
899050
899051
899052
899053
899054
899055
899056
899057
899058
899059
899060
899061
899062
899063
899064
899065
899066
899067
899068
899069
899070
899071
899072
899073
899074
899075
899076
899077
899078
899079
899080
899081
899082
899083
899084
899085
899086
899087
899088
899089
899090
899091
899092
899093
899094
899095
899096
899097
899098
899099
899100
899101
899102
899103
899104
899105
899106
899107
899108
899109
899110
899112
899113
899114
899115
899116
899117
899118
899119
899120
899121
899122
899123
899124
899125
899126
899127
899128
899129
899130
899131
899132
899133
899134
899135
899136
899137
899138
899139
899140
899141
899142
899143
899144
899145
899146
899147
899148
899149
899150
899151
899152
899153
899154
899155
899156
899157
899158
899159
899160
899161
899162
899163
899164
899165
899166
899167
899168
899169
899170
899171
899172
899173
899174
899175
899176
899177
899178
899179
899180
899181
899182
899183
899184
899185
899186
899187
899188
899189
899190
899191
899192
899193
899194
899195
899196
899197
899198
899199
899200
899201
899202
899203
899204
899205
899206
899207
899208
899209
899210
899211
899212
899213
899214
899215
899216
899217
899218
899219
899220
899221
899223
899224
899225
899226
899227
899228
899229
899230
899231
899232
899233
899234
899235
899236
899237
899238
899239
899240
899241
899242
899243
899244
899245
899246
899247
899248
899249
899250
899251
899252
899253
899254
899255
899256
899257
899258
899259
899260
899261
899262
899263
899264
899265
899266
899267
899268
899269
899270
899271
899272
899273
899274
899275
899276
899277
899278
899279
899280
899281
899282
899283
899284
899285
899286
899287
899288
899289
899290
899291
899292
899293
899294
899295
899296
899297
899298
899299
899300
899301
899302
899303
899304
899305
899306
899307
899308
899309
899310
899311
899312
899313
899314
899315
899316
899317
899318
899319
899320
899321
899322
899323
899324
899325
899326
899327
899328
899329
899330
899331
899332
899334
899335
899336
899337
899338
899339
899340
899341
899342
899343
899344
899345
899346
899347
899348
899349
899350
899351
899352
899353
899354
899355
899356
899357
899358
899359
899360
899361
899362
899363
899364
899365
899366
899367
899368
899369
899370
899371
899372
899373
899374
899375
899376
899377
899378
899379
899380
899381
899382
899383
899384
899385
899386
899387
899388
899389
899390
899391
899392
899393
899394
899395
899396
899397
899398
899399
899400
899401
899402
899403
899404
899405
899406
899407
899408
899409
899410
899411
899412
899413
899414
899415
899416
899417
899418
899419
899420
899421
899422
899423
899424
899425
899426
899427
899428
899429
899430
899431
899432
899433
899434
899435
899436
899437
899438
899439
899440
899441
899442
899443
899445
899446
899447
899448
899449
899450
899451
899452
899453
899454
899455
899456
899457
899458
899459
899460
899461
899462
899463
899464
899465
899466
899467
899468
899469
899470
899471
899472
899473
899474
899475
899476
899477
899478
899479
899480
899481
899482
899483
899484
899485
899486
899487
899488
899489
899490
899491
899492
899493
899494
899495
899496
899497
899498
899499
899500
899501
899502
899503
899504
899505
899506
899507
899508
