899509
899510
899511
899512
899513
899514
899515
899516
899517
899518
899519
899520
899521
899522
899523
899524
899525
899526
899527
899528
899529
899530
899531
899532
899533
899534
899535
899536
899537
899538
899539
899540
899541
899542
899543
899544
899545
899546
899547
899548
899549
899550
899551
899552
899553
899554
899556
899557
899558
899559
899560
899561
899562
899563
899564
899565
899566
899567
899568
899569
899570
899571
899572
899573
899574
899575
899576
899577
899578
899579
899580
899581
899582
899583
899584
899585
899586
899587
899588
899589
899590
899591
899592
899593
899594
899595
899596
899597
899598
899599
899600
899601
899602
899603
899604
899605
899606
899607
899608
899609
899610
899611
899612
899613
899614
899615
899616
899617
899618
899619
899620
899621
899622
899623
899624
899625
899626
899627
899628
899629
899630
899631
899632
899633
899634
899635
899636
899637
899638
899639
899640
899641
899642
899643
899644
899645
899646
899647
899648
899649
899650
899651
899652
899653
899654
899655
899656
899657
899658
899659
899660
899661
899662
899663
899664
899665
899667
899668
899669
899670
899671
899672
899673
899674
899675
899676
899677
899678
899679
899680
899681
899682
899683
899684
899685
899686
899687
899688
899689
899690
899691
899692
899693
899694
899695
899696
899697
899698
899699
899700
899701
899702
899703
899704
899705
899706
899707
899708
899709
899710
899711
899712
899713
899714
899715
899716
899717
899718
899719
899720
899721
899722
899723
899724
899725
899726
899727
899728
899729
899730
899731
899732
899733
899734
899735
899736
899737
899738
899739
899740
899741
899742
899743
899744
899745
899746
899747
899748
899749
899750
899751
899752
899753
899754
899755
899756
899757
899758
899759
899760
899761
899762
899763
899764
899765
899766
899767
899768
899769
899770
899771
899772
899773
899774
899775
899776
899778
899779
899780
899781
899782
899783
899784
899785
899786
899787
899788
899789
899790
899791
899792
899793
899794
899795
899796
899797
899798
899799
899800
899801
899802
899803
899804
899805
899806
899807
899808
899809
899810
899811
899812
899813
899814
899815
899816
899817
899818
899819
899820
899821
899822
899823
899824
899825
899826
899827
899828
899829
899830
899831
899832
899833
899834
899835
899836
899837
899838
899839
899840
899841
899842
899843
899844
899845
899846
899847
899848
899849
899850
899851
899852
899853
899854
899855
899856
899857
899858
899859
899860
899861
899862
899863
899864
899865
899866
899867
899868
899869
899870
899871
899872
899873
899874
899875
899876
899877
899878
899879
899880
899881
899882
899883
899884
899885
899886
899887
899889
899890
899891
899892
899893
899894
899895
899896
899897
899898
899899
900100
900101
900102
900103
900104
900105
900106
900107
900108
900109
900110
900112
900113
900114
900115
900116
900117
900118
900119
900120
900121
900122
900123
900124
900125
900126
900127
900128
900129
900130
900131
900132
900133
900134
900135
900136
900137
900138
900139
900140
900141
900142
900143
900144
900145
900146
900147
900148
900149
900150
900151
900152
900153
900154
900155
900156
900157
900158
900159
900160
900161
900162
900163
900164
900165
900166
900167
900168
900169
900170
900171
900172
900173
900174
900175
900176
900177
900178
900179
900180
900181
900182
900183
900184
900185
900186
900187
900188
900189
900190
900191
900192
900193
900194
900195
900196
900197
900198
900199
900200
900201
900202
900203
900204
900205
900206
900207
900208
900209
900210
900211
900212
900213
900214
900215
900216
900217
900218
900219
900220
900221
900223
900224
900225
900226
900227
900228
900229
900230
900231
900232
900233
900234
900235
900236
900237
900238
900239
900240
900241
900242
900243
900244
900245
900246
900247
900248
900249
900250
900251
900252
900253
900254
900255
900256
900257
900258
900259
900260
900261
900262
900263
900264
900265
900266
900267
900268
900269
900270
900271
900272
900273
900274
900275
900276
900277
900278
900279
900280
900281
900282
900283
900284
900285
900286
900287
900288
900289
900290
900291
900292
900293
900294
900295
900296
900297
900298
900299
900300
900301
900302
900303
900304
900305
900306
900307
900308
900309
900310
900311
900312
900313
900314
900315
900316
900317
900318
900319
900320
900321
900322
900323
900324
900325
900326
900327
900328
900329
900330
900331
900332
900334
900335
900336
900337
900338
900339
900340
900341
900342
900343
900344
900345
900346
900347
900348
900349
900350
900351
900352
900353
900354
900355
900356
900357
900358
900359
900360
900361
900362
900363
900364
900365
900366
900367
900368
900369
900370
900371
900372
900373
900374
900375
900376
900377
900378
900379
900380
900381
900382
900383
900384
900385
900386
900387
900388
900389
900390
900391
900392
900393
900394
900395
900396
900397
900398
900399
900400
900401
900402
900403
900404
900405
900406
900407
900408
900409
900410
900411
900412
900413
900414
900415
900416
900417
900418
900419
900420
900421
900422
900423
900424
900425
900426
900427
900428
900429
900430
900431
900432
900433
900434
900435
900436
900437
900438
900439
900440
900441
900442
900443
900445
900446
900447
900448
900449
900450
900451
900452
900453
900454
900455
900456
900457
900458
900459
900460
900461
900462
900463
900464
900465
900466
900467
900468
900469
900470
900471
900472
900473
900474
900475
900476
900477
900478
900479
900480
900481
900482
900483
900484
900485
900486
900487
900488
900489
900490
900491
900492
900493
900494
900495
900496
900497
900498
900499
900500
900501
900502
900503
900504
900505
900506
900507
900508
900509
900510
900511
900512
900513
900514
900515
900516
900517
900518
900519
900520
900521
900522
900523
900524
900525
900526
900527
900528
900529
900530
900531
900532
900533
900534
900535
900536
900537
900538
900539
900540
900541
900542
900543
900544
900545
900546
900547
900548
900549
900550
900551
900552
900553
900554
900556
900557
900558
900559
900560
900561
900562
900563
900564
900565
900566
900567
900568
900569
900570
900571
900572
900573
900574
900575
900576
900577
900578
900579
900580
900581
900582
900583
900584
900585
900586
900587
900588
900589
900590
900591
900592
900593
900594
900595
900596
900597
900598
900599
900600
900601
900602
900603
900604
900605
900606
900607
900608
900609
900610
900611
900612
900613
900614
900615
900616
900617
900618
900619
900620
900621
900622
900623
900624
900625
900626
900627
900628
900629
900630
900631
900632
900633
900634
900635
900636
900637
900638
900639
900640
900641
900642
900643
900644
900645
900646
900647
900648
900649
900650
900651
900652
900653
900654
900655
900656
900657
900658
900659
900660
900661
900662
900663
900664
900665
900667
900668
900669
900670
900671
900672
900673
900674
900675
900676
900677
900678
900679
900680
900681
900682
900683
900684
900685
900686
900687
900688
900689
900690
900691
900692
900693
900694
900695
900696
900697
900698
900699
900700
900701
900702
900703
900704
900705
900706
900707
900708
900709
900710
900711
900712
900713
900714
900715
900716
900717
900718
900719
900720
900721
900722
900723
900724
900725
900726
900727
900728
900729
900730
900731
900732
900733
900734
900735
900736
900737
900738
900739
900740
900741
900742
900743
900744
900745
900746
900747
900748
900749
900750
900751
900752
900753
900754
900755
900756
900757
900758
900759
900760
900761
900762
900763
900764
900765
900766
900767
900768
900769
900770
900771
900772
900773
900774
900775
900776
900778
900779
900780
900781
900782
900783
900784
900785
900786
900787
900788
900789
900790
900791
900792
900793
900794
900795
900796
900797
900798
900799
900800
900801
900802
900803
900804
900805
900806
900807
900808
900809
900810
900811
900812
900813
900814
900815
900816
900817
900818
900819
900820
900821
900822
900823
900824
900825
900826
900827
900828
900829
900830
900831
900832
900833
900834
900835
900836
900837
900838
900839
900840
900841
900842
900843
900844
900845
900846
900847
900848
900849
900850
900851
900852
900853
900854
900855
900856
900857
900858
900859
900860
900861
900862
