900863
900864
900865
900866
900867
900868
900869
900870
900871
900872
900873
900874
900875
900876
900877
900878
900879
900880
900881
900882
900883
900884
900885
900886
900887
900889
900890
900891
900892
900893
900894
900895
900896
900897
900898
900899
900900
900901
900902
900903
900904
900905
900906
900907
900908
900909
900910
900911
900912
900913
900914
900915
900916
900917
900918
900919
900920
900921
900922
900923
900924
900925
900926
900927
900928
900929
900930
900931
900932
900933
900934
900935
900936
900937
900938
900939
900940
900941
900942
900943
900944
900945
900946
900947
900948
900949
900950
900951
900952
900953
900954
900955
900956
900957
900958
900959
900960
900961
900962
900963
900964
900965
900966
900967
900968
900969
900970
900971
900972
900973
900974
900975
900976
900977
900978
900979
900980
900981
900982
900983
900984
900985
900986
900987
900988
900989
900990
900991
900992
900993
900994
900995
900996
900997
900998
901001
901002
901003
901004
901005
901006
901007
901008
901009
901010
901011
901012
901013
901014
901015
901016
901017
901018
901019
901020
901021
901022
901023
901024
901025
901026
901027
901028
901029
901030
901031
901032
901033
901034
901035
901036
901037
901038
901039
901040
901041
901042
901043
901044
901045
901046
901047
901048
901049
901050
901051
901052
901053
901054
901055
901056
901057
901058
901059
901060
901061
901062
901063
901064
901065
901066
901067
901068
901069
901070
901071
901072
901073
901074
901075
901076
901077
901078
901079
901080
901081
901082
901083
901084
901085
901086
901087
901088
901089
901090
901091
901092
901093
901094
901095
901096
901097
901098
901099
901100
901101
901102
901103
901104
901105
901106
901107
901108
901109
901120
901121
901122
901123
901124
901125
901126
901127
901128
901129
901130
901131
901132
901133
901134
901135
901136
901137
901138
901139
901140
901141
901142
901143
901144
901145
901146
901147
901148
901149
901150
901151
901152
901153
901154
901155
901156
901157
901158
901159
901160
901161
901162
901163
901164
901165
901166
901167
901168
901169
901170
901171
901172
901173
901174
901175
901176
901177
901178
901179
901180
901181
901182
901183
901184
901185
901186
901187
901188
901189
901190
901191
901192
901193
901194
901195
901196
901197
901198
901199
901200
901201
901202
901203
901204
901205
901206
901207
901208
901209
901210
901211
901212
901213
901214
901215
901216
901217
901218
901219
901220
901221
901223
901224
901225
901226
901227
901228
901229
901230
901231
901232
901233
901234
901235
901236
901237
901238
901239
901240
901241
901242
901243
901244
901245
901246
901247
901248
901249
901250
901251
901252
901253
901254
901255
901256
901257
901258
901259
901260
901261
901262
901263
901264
901265
901266
901267
901268
901269
901270
901271
901272
901273
901274
901275
901276
901277
901278
901279
901280
901281
901282
901283
901284
901285
901286
901287
901288
901289
901290
901291
901292
901293
901294
901295
901296
901297
901298
901299
901300
901301
901302
901303
901304
901305
901306
901307
901308
901309
901310
901311
901312
901313
901314
901315
901316
901317
901318
901319
901320
901321
901322
901323
901324
901325
901326
901327
901328
901329
901330
901331
901332
901334
901335
901336
901337
901338
901339
901340
901341
901342
901343
901344
901345
901346
901347
901348
901349
901350
901351
901352
901353
901354
901355
901356
901357
901358
901359
901360
901361
901362
901363
901364
901365
901366
901367
901368
901369
901370
901371
901372
901373
901374
901375
901376
901377
901378
901379
901380
901381
901382
901383
901384
901385
901386
901387
901388
901389
901390
901391
901392
901393
901394
901395
901396
901397
901398
901399
901400
901401
901402
901403
901404
901405
901406
901407
901408
901409
901410
901411
901412
901413
901414
901415
901416
901417
901418
901419
901420
901421
901422
901423
901424
901425
901426
901427
901428
901429
901430
901431
901432
901433
901434
901435
901436
901437
901438
901439
901440
901441
901442
901443
901445
901446
901447
901448
901449
901450
901451
901452
901453
901454
901455
901456
901457
901458
901459
901460
901461
901462
901463
901464
901465
901466
901467
901468
901469
901470
901471
901472
901473
901474
901475
901476
901477
901478
901479
901480
901481
901482
901483
901484
901485
901486
901487
901488
901489
901490
901491
901492
901493
901494
901495
901496
901497
901498
901499
901500
901501
901502
901503
901504
901505
901506
901507
901508
901509
901510
901511
901512
901513
901514
901515
901516
901517
901518
901519
901520
901521
901522
901523
901524
901525
901526
901527
901528
901529
901530
901531
901532
901533
901534
901535
901536
901537
901538
901539
901540
901541
901542
901543
901544
901545
901546
901547
901548
901549
901550
901551
901552
901553
901554
901556
901557
901558
901559
901560
901561
901562
901563
901564
901565
901566
901567
901568
901569
901570
901571
901572
901573
901574
901575
901576
901577
901578
901579
901580
901581
901582
901583
901584
901585
901586
901587
901588
901589
901590
901591
901592
901593
901594
901595
901596
901597
901598
901599
901600
901601
901602
901603
901604
901605
901606
901607
901608
901609
901610
901611
901612
901613
901614
901615
901616
901617
901618
901619
901620
901621
901622
901623
901624
901625
901626
901627
901628
901629
901630
901631
901632
901633
901634
901635
901636
901637
901638
901639
901640
901641
901642
901643
901644
901645
901646
901647
901648
901649
901650
901651
901652
901653
901654
901655
901656
901657
901658
901659
901660
901661
901662
901663
901664
901665
901667
901668
901669
901670
901671
901672
901673
901674
901675
901676
901677
901678
901679
901680
901681
901682
901683
901684
901685
901686
901687
901688
901689
901690
901691
901692
901693
901694
901695
901696
901697
901698
901699
901700
901701
901702
901703
901704
901705
901706
901707
901708
901709
901710
901711
901712
901713
901714
901715
901716
901717
901718
901719
901720
901721
901722
901723
901724
901725
901726
901727
901728
901729
901730
901731
901732
901733
901734
901735
901736
901737
901738
901739
901740
901741
901742
901743
901744
901745
901746
901747
901748
901749
901750
901751
901752
901753
901754
901755
901756
901757
901758
901759
901760
901761
901762
901763
901764
901765
901766
901767
901768
901769
901770
901771
901772
901773
901774
901775
901776
901778
901779
901780
901781
901782
901783
901784
901785
901786
901787
901788
901789
901790
901791
901792
901793
901794
901795
901796
901797
901798
901799
901800
901801
901802
901803
901804
901805
901806
901807
901808
901809
901810
901811
901812
901813
901814
901815
901816
901817
901818
901819
901820
901821
901822
901823
901824
901825
901826
901827
901828
901829
901830
901831
901832
901833
901834
901835
901836
901837
901838
901839
901840
901841
901842
901843
901844
901845
901846
901847
901848
901849
901850
901851
901852
901853
901854
901855
901856
901857
901858
901859
901860
901861
901862
901863
901864
901865
901866
901867
901868
901869
901870
901871
901872
901873
901874
901875
901876
901877
901878
901879
901880
901881
901882
901883
901884
901885
901886
901887
901889
901890
901891
901892
901893
901894
901895
901896
901897
901898
901899
901900
901901
901902
901903
901904
901905
901906
901907
901908
901909
901910
901911
901912
901913
901914
901915
901916
901917
901918
901919
901920
901921
901922
901923
901924
901925
901926
901927
901928
901929
901930
901931
901932
901933
901934
901935
901936
901937
901938
901939
901940
901941
901942
901943
901944
901945
901946
901947
901948
901949
901950
901951
901952
901953
901954
901955
901956
901957
901958
901959
901960
901961
901962
901963
901964
901965
901966
901967
901968
901969
901970
901971
901972
901973
901974
901975
901976
901977
901978
901979
901980
901981
901982
901983
901984
901985
901986
901987
901988
901989
901990
901991
901992
901993
901994
901995
901996
901997
901998
902001
902002
902003
902004
902005
902006
902007
902008
902009
902010
902011
902012
902013
902014
902015
902016
902017
902018
902019
902020
902021
902022
902023
902024
902025
902026
902027
