902028
902029
902030
902031
902032
902033
902034
902035
902036
902037
902038
902039
902040
902041
902042
902043
902044
902045
902046
902047
902048
902049
902050
902051
902052
902053
902054
902055
902056
902057
902058
902059
902060
902061
902062
902063
902064
902065
902066
902067
902068
902069
902070
902071
902072
902073
902074
902075
902076
902077
902078
902079
902080
902081
902082
902083
902084
902085
902086
902087
902088
902089
902090
902091
902092
902093
902094
902095
902096
902097
902098
902099
902100
902101
902102
902103
902104
902105
902106
902107
902108
902109
902110
902112
902113
902114
902115
902116
902117
902118
902119
902120
902121
902122
902123
902124
902125
902126
902127
902128
902129
902130
902131
902132
902133
902134
902135
902136
902137
902138
902139
902140
902141
902142
902143
902144
902145
902146
902147
902148
902149
902150
902151
902152
902153
902154
902155
902156
902157
902158
902159
902160
902161
902162
902163
902164
902165
902166
902167
902168
902169
902170
902171
902172
902173
902174
902175
902176
902177
902178
902179
902180
902181
902182
902183
902184
902185
902186
902187
902188
902189
902190
902191
902192
902193
902194
902195
902196
902197
902198
902199
902200
902201
902202
902203
902204
902205
902206
902207
902208
902209
902210
902211
902212
902213
902214
902215
902216
902217
902218
902219
902230
902231
902232
902233
902234
902235
902236
902237
902238
902239
902240
902241
902242
902243
902244
902245
902246
902247
902248
902249
902250
902251
902252
902253
902254
902255
902256
902257
902258
902259
902260
902261
902262
902263
902264
902265
902266
902267
902268
902269
902270
902271
902272
902273
902274
902275
902276
902277
902278
902279
902280
902281
902282
902283
902284
902285
902286
902287
902288
902289
902290
902291
902292
902293
902294
902295
902296
902297
902298
902299
902300
902301
902302
902303
902304
902305
902306
902307
902308
902309
902310
902311
902312
902313
902314
902315
902316
902317
902318
902319
902320
902321
902322
902323
902324
902325
902326
902327
902328
902329
902330
902331
902332
902334
902335
902336
902337
902338
902339
902340
902341
902342
902343
902344
902345
902346
902347
902348
902349
902350
902351
902352
902353
902354
902355
902356
902357
902358
902359
902360
902361
902362
902363
902364
902365
902366
902367
902368
902369
902370
902371
902372
902373
902374
902375
902376
902377
902378
902379
902380
902381
902382
902383
902384
902385
902386
902387
902388
902389
902390
902391
902392
902393
902394
902395
902396
902397
902398
902399
902400
902401
902402
902403
902404
902405
902406
902407
902408
902409
902410
902411
902412
902413
902414
902415
902416
902417
902418
902419
902420
902421
902422
902423
902424
902425
902426
902427
902428
902429
902430
902431
902432
902433
902434
902435
902436
902437
902438
902439
902440
902441
902442
902443
902445
902446
902447
902448
902449
902450
902451
902452
902453
902454
902455
902456
902457
902458
902459
902460
902461
902462
902463
902464
902465
902466
902467
902468
902469
902470
902471
902472
902473
902474
902475
902476
902477
902478
902479
902480
902481
902482
902483
902484
902485
902486
902487
902488
902489
902490
902491
902492
902493
902494
902495
902496
902497
902498
902499
902500
902501
902502
902503
902504
902505
902506
902507
902508
902509
902510
902511
902512
902513
902514
902515
902516
902517
902518
902519
902520
902521
902522
902523
902524
902525
902526
902527
902528
902529
902530
902531
902532
902533
902534
902535
902536
902537
902538
902539
902540
902541
902542
902543
902544
902545
902546
902547
902548
902549
902550
902551
902552
902553
902554
902556
902557
902558
902559
902560
902561
902562
902563
902564
902565
902566
902567
902568
902569
902570
902571
902572
902573
902574
902575
902576
902577
902578
902579
902580
902581
902582
902583
902584
902585
902586
902587
902588
902589
902590
902591
902592
902593
902594
902595
902596
902597
902598
902599
902600
902601
902602
902603
902604
902605
902606
902607
902608
902609
902610
902611
902612
902613
902614
902615
902616
902617
902618
902619
902620
902621
902622
902623
902624
902625
902626
902627
902628
902629
902630
902631
902632
902633
902634
902635
902636
902637
902638
902639
902640
902641
902642
902643
902644
902645
902646
902647
902648
902649
902650
902651
902652
902653
902654
902655
902656
902657
902658
902659
902660
902661
902662
902663
902664
902665
902667
902668
902669
902670
902671
902672
902673
902674
902675
902676
902677
902678
902679
902680
902681
902682
902683
902684
902685
902686
902687
902688
902689
902690
902691
902692
902693
902694
902695
902696
902697
902698
902699
902700
902701
902702
902703
902704
902705
902706
902707
902708
902709
902710
902711
902712
902713
902714
902715
902716
902717
902718
902719
902720
902721
902722
902723
902724
902725
902726
902727
902728
902729
902730
902731
902732
902733
902734
902735
902736
902737
902738
902739
902740
902741
902742
902743
902744
902745
902746
902747
902748
902749
902750
902751
902752
902753
902754
902755
902756
902757
902758
902759
902760
902761
902762
902763
902764
902765
902766
902767
902768
902769
902770
902771
902772
902773
902774
902775
902776
902778
902779
902780
902781
902782
902783
902784
902785
902786
902787
902788
902789
902790
902791
902792
902793
902794
902795
902796
902797
902798
902799
902800
902801
902802
902803
902804
902805
902806
902807
902808
902809
902810
902811
902812
902813
902814
902815
902816
902817
902818
902819
902820
902821
902822
902823
902824
902825
902826
902827
902828
902829
902830
902831
902832
902833
902834
902835
902836
902837
902838
902839
902840
902841
902842
902843
902844
902845
902846
902847
902848
902849
902850
902851
902852
902853
902854
902855
902856
902857
902858
902859
902860
902861
902862
902863
902864
902865
902866
902867
902868
902869
902870
902871
902872
902873
902874
902875
902876
902877
902878
902879
902880
902881
902882
902883
902884
902885
902886
902887
902889
902890
902891
902892
902893
902894
902895
902896
902897
902898
902899
902900
902901
902902
902903
902904
902905
902906
902907
902908
902909
902910
902911
902912
902913
902914
902915
902916
902917
902918
902919
902920
902921
902922
902923
902924
902925
902926
902927
902928
902929
902930
902931
902932
902933
902934
902935
902936
902937
902938
902939
902940
902941
902942
902943
902944
902945
902946
902947
902948
902949
902950
902951
902952
902953
902954
902955
902956
902957
902958
902959
902960
902961
902962
902963
902964
902965
902966
902967
902968
902969
902970
902971
902972
902973
902974
902975
902976
902977
902978
902979
902980
902981
902982
902983
902984
902985
902986
902987
902988
902989
902990
902991
902992
902993
902994
902995
902996
902997
902998
903001
903002
903003
903004
903005
903006
903007
903008
903009
903010
903011
903012
903013
903014
903015
903016
903017
903018
903019
903020
903021
903022
903023
903024
903025
903026
903027
903028
903029
903030
903031
903032
903033
903034
903035
903036
903037
903038
903039
903040
903041
903042
903043
903044
903045
903046
903047
903048
903049
903050
903051
903052
903053
903054
903055
903056
903057
903058
903059
903060
903061
903062
903063
903064
903065
903066
903067
903068
903069
903070
903071
903072
903073
903074
903075
903076
903077
903078
903079
903080
903081
903082
903083
903084
903085
903086
903087
903088
903089
903090
903091
903092
903093
903094
903095
903096
903097
903098
903099
903100
903101
903102
903103
903104
903105
903106
903107
903108
903109
903110
903112
903113
903114
903115
903116
903117
903118
903119
903120
903121
903122
903123
903124
903125
903126
903127
903128
903129
903130
903131
903132
903133
903134
903135
903136
903137
903138
903139
903140
903141
903142
903143
903144
903145
903146
903147
903148
903149
903150
903151
903152
903153
903154
903155
903156
903157
903158
903159
903160
903161
903162
903163
903164
903165
903166
903167
903168
903169
903170
903171
903172
903173
903174
903175
903176
903177
903178
903179
903180
903181
903182
903183
903184
903185
903186
903187
903188
903189
903190
