952500
952501
952502
952503
952504
952505
952506
952507
952508
952509
952510
952511
952512
952513
952514
952515
952516
952517
952518
952519
952520
952521
952522
952523
952524
952525
952526
952527
952528
952529
952530
952531
952532
952533
952534
952535
952536
952537
952538
952539
952540
952541
952542
952543
952544
952545
952546
952547
952548
952549
952550
952551
952552
952553
952554
952556
952557
952558
952559
952560
952561
952562
952563
952564
952565
952566
952567
952568
952569
952570
952571
952572
952573
952574
952575
952576
952577
952578
952579
952580
952581
952582
952583
952584
952585
952586
952587
952588
952589
952590
952591
952592
952593
952594
952595
952596
952597
952598
952599
952600
952601
952602
952603
952604
952605
952606
952607
952608
952609
952610
952611
952612
952613
952614
952615
952616
952617
952618
952619
952620
952621
952622
952623
952624
952625
952626
952627
952628
952629
952630
952631
952632
952633
952634
952635
952636
952637
952638
952639
952640
952641
952642
952643
952644
952645
952646
952647
952648
952649
952650
952651
952652
952653
952654
952655
952656
952657
952658
952659
952660
952661
952662
952663
952664
952665
952667
952668
952669
952670
952671
952672
952673
952674
952675
952676
952677
952678
952679
952680
952681
952682
952683
952684
952685
952686
952687
952688
952689
952690
952691
952692
952693
952694
952695
952696
952697
952698
952699
952700
952701
952702
952703
952704
952705
952706
952707
952708
952709
952710
952711
952712
952713
952714
952715
952716
952717
952718
952719
952720
952721
952722
952723
952724
952725
952726
952727
952728
952729
952730
952731
952732
952733
952734
952735
952736
952737
952738
952739
952740
952741
952742
952743
952744
952745
952746
952747
952748
952749
952750
952751
952752
952753
952754
952755
952756
952757
952758
952759
952760
952761
952762
952763
952764
952765
952766
952767
952768
952769
952770
952771
952772
952773
952774
952775
952776
952778
952779
952780
952781
952782
952783
952784
952785
952786
952787
952788
952789
952790
952791
952792
952793
952794
952795
952796
952797
952798
952799
952800
952801
952802
952803
952804
952805
952806
952807
952808
952809
952810
952811
952812
952813
952814
952815
952816
952817
952818
952819
952820
952821
952822
952823
952824
952825
952826
952827
952828
952829
952830
952831
952832
952833
952834
952835
952836
952837
952838
952839
952840
952841
952842
952843
952844
952845
952846
952847
952848
952849
952850
952851
952852
952853
952854
952855
952856
952857
952858
952859
952860
952861
952862
952863
952864
952865
952866
952867
952868
952869
952870
952871
952872
952873
952874
952875
952876
952877
952878
952879
952880
952881
952882
952883
952884
952885
952886
952887
952889
952890
952891
952892
952893
952894
952895
952896
952897
952898
952899
952900
952901
952902
952903
952904
952905
952906
952907
952908
952909
952910
952911
952912
952913
952914
952915
952916
952917
952918
952919
952920
952921
952922
952923
952924
952925
952926
952927
952928
952929
952930
952931
952932
952933
952934
952935
952936
952937
952938
952939
952940
952941
952942
952943
952944
952945
952946
952947
952948
952949
952950
952951
952952
952953
952954
952955
952956
952957
952958
952959
952960
952961
952962
952963
952964
952965
952966
952967
952968
952969
952970
952971
952972
952973
952974
952975
952976
952977
952978
952979
952980
952981
952982
952983
952984
952985
952986
952987
952988
952989
952990
952991
952992
952993
952994
952995
952996
952997
952998
953001
953002
953003
953004
953005
953006
953007
953008
953009
953010
953011
953012
953013
953014
953015
953016
953017
953018
953019
953020
953021
953022
953023
953024
953025
953026
953027
953028
953029
953030
953031
953032
953033
953034
953035
953036
953037
953038
953039
953040
953041
953042
953043
953044
953045
953046
953047
953048
953049
953050
953051
953052
953053
953054
953055
953056
953057
953058
953059
953060
953061
953062
953063
953064
953065
953066
953067
953068
953069
953070
953071
953072
953073
953074
953075
953076
953077
953078
953079
953080
953081
953082
953083
953084
953085
953086
953087
953088
953089
953090
953091
953092
953093
953094
953095
953096
953097
953098
953099
953100
953101
953102
953103
953104
953105
953106
953107
953108
953109
953110
953112
953113
953114
953115
953116
953117
953118
953119
953120
953121
953122
953123
953124
953125
953126
953127
953128
953129
953130
953131
953132
953133
953134
953135
953136
953137
953138
953139
953140
953141
953142
953143
953144
953145
953146
953147
953148
953149
953150
953151
953152
953153
953154
953155
953156
953157
953158
953159
953160
953161
953162
953163
953164
953165
953166
953167
953168
953169
953170
953171
953172
953173
953174
953175
953176
953177
953178
953179
953180
953181
953182
953183
953184
953185
953186
953187
953188
953189
953190
953191
953192
953193
953194
953195
953196
953197
953198
953199
953200
953201
953202
953203
953204
953205
953206
953207
953208
953209
953210
953211
953212
953213
953214
953215
953216
953217
953218
953219
953220
953221
953223
953224
953225
953226
953227
953228
953229
953230
953231
953232
953233
953234
953235
953236
953237
953238
953239
953240
953241
953242
953243
953244
953245
953246
953247
953248
953249
953250
953251
953252
953253
953254
953255
953256
953257
953258
953259
953260
953261
953262
953263
953264
953265
953266
953267
953268
953269
953270
953271
953272
953273
953274
953275
953276
953277
953278
953279
953280
953281
953282
953283
953284
953285
953286
953287
953288
953289
953290
953291
953292
953293
953294
953295
953296
953297
953298
953299
953300
953301
953302
953303
953304
953305
953306
953307
953308
953309
953310
953311
953312
953313
953314
953315
953316
953317
953318
953319
953320
953321
953322
953323
953324
953325
953326
953327
953328
953329
953340
953341
953342
953343
953344
953345
953346
953347
953348
953349
953350
953351
953352
953353
953354
953355
953356
953357
953358
953359
953360
953361
953362
953363
953364
953365
953366
953367
953368
953369
953370
953371
953372
953373
953374
953375
953376
953377
953378
953379
953380
953381
953382
953383
953384
953385
953386
953387
953388
953389
953390
953391
953392
953393
953394
953395
953396
953397
953398
953399
953400
953401
953402
953403
953404
953405
953406
953407
953408
953409
953410
953411
953412
953413
953414
953415
953416
953417
953418
953419
953420
953421
953422
953423
953424
953425
953426
953427
953428
953429
953430
953431
953432
953433
953434
953435
953436
953437
953438
953439
953440
953441
953442
953443
953445
953446
953447
953448
953449
953450
953451
953452
953453
953454
953455
953456
953457
953458
953459
953460
953461
953462
953463
953464
953465
953466
953467
953468
953469
953470
953471
953472
953473
953474
953475
953476
953477
953478
953479
953480
953481
953482
953483
953484
953485
953486
953487
953488
953489
953490
953491
953492
953493
953494
953495
953496
953497
953498
953499
953500
953501
953502
953503
953504
953505
953506
953507
953508
953509
953510
953511
953512
953513
953514
953515
953516
953517
953518
953519
953520
953521
953522
953523
953524
953525
953526
953527
953528
953529
953530
953531
953532
953533
953534
953535
953536
953537
953538
953539
953540
953541
953542
953543
953544
953545
953546
953547
953548
953549
953550
953551
953552
953553
953554
953556
953557
953558
953559
953560
953561
953562
953563
953564
953565
953566
953567
953568
953569
953570
953571
953572
953573
953574
953575
953576
953577
953578
953579
953580
953581
953582
953583
953584
953585
953586
953587
953588
953589
953590
953591
953592
953593
953594
953595
953596
953597
953598
953599
953600
953601
953602
953603
953604
953605
953606
953607
953608
953609
953610
953611
953612
953613
953614
953615
953616
953617
953618
953619
953620
953621
953622
953623
953624
953625
953626
953627
953628
953629
953630
953631
953632
953633
953634
953635
953636
953637
953638
953639
953640
953641
953642
953643
953644
953645
953646
953647
953648
953649
953650
953651
953652
953653
953654
953655
953656
953657
953658
953659
953660
953661
953662
