904355
904356
904357
904358
904359
904360
904361
904362
904363
904364
904365
904366
904367
904368
904369
904370
904371
904372
904373
904374
904375
904376
904377
904378
904379
904380
904381
904382
904383
904384
904385
904386
904387
904388
904389
904390
904391
904392
904393
904394
904395
904396
904397
904398
904399
904400
904401
904402
904403
904404
904405
904406
904407
904408
904409
904410
904411
904412
904413
904414
904415
904416
904417
904418
904419
904420
904421
904422
904423
904424
904425
904426
904427
904428
904429
904430
904431
904432
904433
904434
904435
904436
904437
904438
904439
904450
904451
904452
904453
904454
904455
904456
904457
904458
904459
904460
904461
904462
904463
904464
904465
904466
904467
904468
904469
904470
904471
904472
904473
904474
904475
904476
904477
904478
904479
904480
904481
904482
904483
904484
904485
904486
904487
904488
904489
904490
904491
904492
904493
904494
904495
904496
904497
904498
904499
904500
904501
904502
904503
904504
904505
904506
904507
904508
904509
904510
904511
904512
904513
904514
904515
904516
904517
904518
904519
904520
904521
904522
904523
904524
904525
904526
904527
904528
904529
904530
904531
904532
904533
904534
904535
904536
904537
904538
904539
904540
904541
904542
904543
904544
904545
904546
904547
904548
904549
904550
904551
904552
904553
904554
904556
904557
904558
904559
904560
904561
904562
904563
904564
904565
904566
904567
904568
904569
904570
904571
904572
904573
904574
904575
904576
904577
904578
904579
904580
904581
904582
904583
904584
904585
904586
904587
904588
904589
904590
904591
904592
904593
904594
904595
904596
904597
904598
904599
904600
904601
904602
904603
904604
904605
904606
904607
904608
904609
904610
904611
904612
904613
904614
904615
904616
904617
904618
904619
904620
904621
904622
904623
904624
904625
904626
904627
904628
904629
904630
904631
904632
904633
904634
904635
904636
904637
904638
904639
904640
904641
904642
904643
904644
904645
904646
904647
904648
904649
904650
904651
904652
904653
904654
904655
904656
904657
904658
904659
904660
904661
904662
904663
904664
904665
904667
904668
904669
904670
904671
904672
904673
904674
904675
904676
904677
904678
904679
904680
904681
904682
904683
904684
904685
904686
904687
904688
904689
904690
904691
904692
904693
904694
904695
904696
904697
904698
904699
904700
904701
904702
904703
904704
904705
904706
904707
904708
904709
904710
904711
904712
904713
904714
904715
904716
904717
904718
904719
904720
904721
904722
904723
904724
904725
904726
904727
904728
904729
904730
904731
904732
904733
904734
904735
904736
904737
904738
904739
904740
904741
904742
904743
904744
904745
904746
904747
904748
904749
904750
904751
904752
904753
904754
904755
904756
904757
904758
904759
904760
904761
904762
904763
904764
904765
904766
904767
904768
904769
904770
904771
904772
904773
904774
904775
904776
904778
904779
904780
904781
904782
904783
904784
904785
904786
904787
904788
904789
904790
904791
904792
904793
904794
904795
904796
904797
904798
904799
904800
904801
904802
904803
904804
904805
904806
904807
904808
904809
904810
904811
904812
904813
904814
904815
904816
904817
904818
904819
904820
904821
904822
904823
904824
904825
904826
904827
904828
904829
904830
904831
904832
904833
904834
904835
904836
904837
904838
904839
904840
904841
904842
904843
904844
904845
904846
904847
904848
904849
904850
904851
904852
904853
904854
904855
904856
904857
904858
904859
904860
904861
904862
904863
904864
904865
904866
904867
904868
904869
904870
904871
904872
904873
904874
904875
904876
904877
904878
904879
904880
904881
904882
904883
904884
904885
904886
904887
904889
904890
904891
904892
904893
904894
904895
904896
904897
904898
904899
904900
904901
904902
904903
904904
904905
904906
904907
904908
904909
904910
904911
904912
904913
904914
904915
904916
904917
904918
904919
904920
904921
904922
904923
904924
904925
904926
904927
904928
904929
904930
904931
904932
904933
904934
904935
904936
904937
904938
904939
904940
904941
904942
904943
904944
904945
904946
904947
904948
904949
904950
904951
904952
904953
904954
904955
904956
904957
904958
904959
904960
904961
904962
904963
904964
904965
904966
904967
904968
904969
904970
904971
904972
904973
904974
904975
904976
904977
904978
904979
904980
904981
904982
904983
904984
904985
904986
904987
904988
904989
904990
904991
904992
904993
904994
904995
904996
904997
904998
905001
905002
905003
905004
905005
905006
905007
905008
905009
905010
905011
905012
905013
905014
905015
905016
905017
905018
905019
905020
905021
905022
905023
905024
905025
905026
905027
905028
905029
905030
905031
905032
905033
905034
905035
905036
905037
905038
905039
905040
905041
905042
905043
905044
905045
905046
905047
905048
905049
905050
905051
905052
905053
905054
905055
905056
905057
905058
905059
905060
905061
905062
905063
905064
905065
905066
905067
905068
905069
905070
905071
905072
905073
905074
905075
905076
905077
905078
905079
905080
905081
905082
905083
905084
905085
905086
905087
905088
905089
905090
905091
905092
905093
905094
905095
905096
905097
905098
905099
905100
905101
905102
905103
905104
905105
905106
905107
905108
905109
905110
905112
905113
905114
905115
905116
905117
905118
905119
905120
905121
905122
905123
905124
905125
905126
905127
905128
905129
905130
905131
905132
905133
905134
905135
905136
905137
905138
905139
905140
905141
905142
905143
905144
905145
905146
905147
905148
905149
905150
905151
905152
905153
905154
905155
905156
905157
905158
905159
905160
905161
905162
905163
905164
905165
905166
905167
905168
905169
905170
905171
905172
905173
905174
905175
905176
905177
905178
905179
905180
905181
905182
905183
905184
905185
905186
905187
905188
905189
905190
905191
905192
905193
905194
905195
905196
905197
905198
905199
905200
905201
905202
905203
905204
905205
905206
905207
905208
905209
905210
905211
905212
905213
905214
905215
905216
905217
905218
905219
905220
905221
905223
905224
905225
905226
905227
905228
905229
905230
905231
905232
905233
905234
905235
905236
905237
905238
905239
905240
905241
905242
905243
905244
905245
905246
905247
905248
905249
905250
905251
905252
905253
905254
905255
905256
905257
905258
905259
905260
905261
905262
905263
905264
905265
905266
905267
905268
905269
905270
905271
905272
905273
905274
905275
905276
905277
905278
905279
905280
905281
905282
905283
905284
905285
905286
905287
905288
905289
905290
905291
905292
905293
905294
905295
905296
905297
905298
905299
905300
905301
905302
905303
905304
905305
905306
905307
905308
905309
905310
905311
905312
905313
905314
905315
905316
905317
905318
905319
905320
905321
905322
905323
905324
905325
905326
905327
905328
905329
905330
905331
905332
905334
905335
905336
905337
905338
905339
905340
905341
905342
905343
905344
905345
905346
905347
905348
905349
905350
905351
905352
905353
905354
905355
905356
905357
905358
905359
905360
905361
905362
905363
905364
905365
905366
905367
905368
905369
905370
905371
905372
905373
905374
905375
905376
905377
905378
905379
905380
905381
905382
905383
905384
905385
905386
905387
905388
905389
905390
905391
905392
905393
905394
905395
905396
905397
905398
905399
905400
905401
905402
905403
905404
905405
905406
905407
905408
905409
905410
905411
905412
905413
905414
905415
905416
905417
905418
905419
905420
905421
905422
905423
905424
905425
905426
905427
905428
905429
905430
905431
905432
905433
905434
905435
905436
905437
905438
905439
905440
905441
905442
905443
905445
905446
905447
905448
905449
905450
905451
905452
905453
905454
905455
905456
905457
905458
905459
905460
905461
905462
905463
905464
905465
905466
905467
905468
905469
905470
905471
905472
905473
905474
905475
905476
905477
905478
905479
905480
905481
905482
905483
905484
905485
905486
905487
905488
905489
905490
905491
905492
905493
905494
905495
905496
905497
905498
905499
905500
905501
905502
905503
905504
905505
905506
905507
905508
905509
905510
905511
905512
905513
905514
905515
905516
905517
