905518
905519
905520
905521
905522
905523
905524
905525
905526
905527
905528
905529
905530
905531
905532
905533
905534
905535
905536
905537
905538
905539
905540
905541
905542
905543
905544
905545
905546
905547
905548
905549
905560
905561
905562
905563
905564
905565
905566
905567
905568
905569
905570
905571
905572
905573
905574
905575
905576
905577
905578
905579
905580
905581
905582
905583
905584
905585
905586
905587
905588
905589
905590
905591
905592
905593
905594
905595
905596
905597
905598
905599
905600
905601
905602
905603
905604
905605
905606
905607
905608
905609
905610
905611
905612
905613
905614
905615
905616
905617
905618
905619
905620
905621
905622
905623
905624
905625
905626
905627
905628
905629
905630
905631
905632
905633
905634
905635
905636
905637
905638
905639
905640
905641
905642
905643
905644
905645
905646
905647
905648
905649
905650
905651
905652
905653
905654
905655
905656
905657
905658
905659
905660
905661
905662
905663
905664
905665
905667
905668
905669
905670
905671
905672
905673
905674
905675
905676
905677
905678
905679
905680
905681
905682
905683
905684
905685
905686
905687
905688
905689
905690
905691
905692
905693
905694
905695
905696
905697
905698
905699
905700
905701
905702
905703
905704
905705
905706
905707
905708
905709
905710
905711
905712
905713
905714
905715
905716
905717
905718
905719
905720
905721
905722
905723
905724
905725
905726
905727
905728
905729
905730
905731
905732
905733
905734
905735
905736
905737
905738
905739
905740
905741
905742
905743
905744
905745
905746
905747
905748
905749
905750
905751
905752
905753
905754
905755
905756
905757
905758
905759
905760
905761
905762
905763
905764
905765
905766
905767
905768
905769
905770
905771
905772
905773
905774
905775
905776
905778
905779
905780
905781
905782
905783
905784
905785
905786
905787
905788
905789
905790
905791
905792
905793
905794
905795
905796
905797
905798
905799
905800
905801
905802
905803
905804
905805
905806
905807
905808
905809
905810
905811
905812
905813
905814
905815
905816
905817
905818
905819
905820
905821
905822
905823
905824
905825
905826
905827
905828
905829
905830
905831
905832
905833
905834
905835
905836
905837
905838
905839
905840
905841
905842
905843
905844
905845
905846
905847
905848
905849
905850
905851
905852
905853
905854
905855
905856
905857
905858
905859
905860
905861
905862
905863
905864
905865
905866
905867
905868
905869
905870
905871
905872
905873
905874
905875
905876
905877
905878
905879
905880
905881
905882
905883
905884
905885
905886
905887
905889
905890
905891
905892
905893
905894
905895
905896
905897
905898
905899
905900
905901
905902
905903
905904
905905
905906
905907
905908
905909
905910
905911
905912
905913
905914
905915
905916
905917
905918
905919
905920
905921
905922
905923
905924
905925
905926
905927
905928
905929
905930
905931
905932
905933
905934
905935
905936
905937
905938
905939
905940
905941
905942
905943
905944
905945
905946
905947
905948
905949
905950
905951
905952
905953
905954
905955
905956
905957
905958
905959
905960
905961
905962
905963
905964
905965
905966
905967
905968
905969
905970
905971
905972
905973
905974
905975
905976
905977
905978
905979
905980
905981
905982
905983
905984
905985
905986
905987
905988
905989
905990
905991
905992
905993
905994
905995
905996
905997
905998
906001
906002
906003
906004
906005
906006
906007
906008
906009
906010
906011
906012
906013
906014
906015
906016
906017
906018
906019
906020
906021
906022
906023
906024
906025
906026
906027
906028
906029
906030
906031
906032
906033
906034
906035
906036
906037
906038
906039
906040
906041
906042
906043
906044
906045
906046
906047
906048
906049
906050
906051
906052
906053
906054
906055
906056
906057
906058
906059
906060
906061
906062
906063
906064
906065
906066
906067
906068
906069
906070
906071
906072
906073
906074
906075
906076
906077
906078
906079
906080
906081
906082
906083
906084
906085
906086
906087
906088
906089
906090
906091
906092
906093
906094
906095
906096
906097
906098
906099
906100
906101
906102
906103
906104
906105
906106
906107
906108
906109
906110
906112
906113
906114
906115
906116
906117
906118
906119
906120
906121
906122
906123
906124
906125
906126
906127
906128
906129
906130
906131
906132
906133
906134
906135
906136
906137
906138
906139
906140
906141
906142
906143
906144
906145
906146
906147
906148
906149
906150
906151
906152
906153
906154
906155
906156
906157
906158
906159
906160
906161
906162
906163
906164
906165
906166
906167
906168
906169
906170
906171
906172
906173
906174
906175
906176
906177
906178
906179
906180
906181
906182
906183
906184
906185
906186
906187
906188
906189
906190
906191
906192
906193
906194
906195
906196
906197
906198
906199
906200
906201
906202
906203
906204
906205
906206
906207
906208
906209
906210
906211
906212
906213
906214
906215
906216
906217
906218
906219
906220
906221
906223
906224
906225
906226
906227
906228
906229
906230
906231
906232
906233
906234
906235
906236
906237
906238
906239
906240
906241
906242
906243
906244
906245
906246
906247
906248
906249
906250
906251
906252
906253
906254
906255
906256
906257
906258
906259
906260
906261
906262
906263
906264
906265
906266
906267
906268
906269
906270
906271
906272
906273
906274
906275
906276
906277
906278
906279
906280
906281
906282
906283
906284
906285
906286
906287
906288
906289
906290
906291
906292
906293
906294
906295
906296
906297
906298
906299
906300
906301
906302
906303
906304
906305
906306
906307
906308
906309
906310
906311
906312
906313
906314
906315
906316
906317
906318
906319
906320
906321
906322
906323
906324
906325
906326
906327
906328
906329
906330
906331
906332
906334
906335
906336
906337
906338
906339
906340
906341
906342
906343
906344
906345
906346
906347
906348
906349
906350
906351
906352
906353
906354
906355
906356
906357
906358
906359
906360
906361
906362
906363
906364
906365
906366
906367
906368
906369
906370
906371
906372
906373
906374
906375
906376
906377
906378
906379
906380
906381
906382
906383
906384
906385
906386
906387
906388
906389
906390
906391
906392
906393
906394
906395
906396
906397
906398
906399
906400
906401
906402
906403
906404
906405
906406
906407
906408
906409
906410
906411
906412
906413
906414
906415
906416
906417
906418
906419
906420
906421
906422
906423
906424
906425
906426
906427
906428
906429
906430
906431
906432
906433
906434
906435
906436
906437
906438
906439
906440
906441
906442
906443
906445
906446
906447
906448
906449
906450
906451
906452
906453
906454
906455
906456
906457
906458
906459
906460
906461
906462
906463
906464
906465
906466
906467
906468
906469
906470
906471
906472
906473
906474
906475
906476
906477
906478
906479
906480
906481
906482
906483
906484
906485
906486
906487
906488
906489
906490
906491
906492
906493
906494
906495
906496
906497
906498
906499
906500
906501
906502
906503
906504
906505
906506
906507
906508
906509
906510
906511
906512
906513
906514
906515
906516
906517
906518
906519
906520
906521
906522
906523
906524
906525
906526
906527
906528
906529
906530
906531
906532
906533
906534
906535
906536
906537
906538
906539
906540
906541
906542
906543
906544
906545
906546
906547
906548
906549
906550
906551
906552
906553
906554
906556
906557
906558
906559
906560
906561
906562
906563
906564
906565
906566
906567
906568
906569
906570
906571
906572
906573
906574
906575
906576
906577
906578
906579
906580
906581
906582
906583
906584
906585
906586
906587
906588
906589
906590
906591
906592
906593
906594
906595
906596
906597
906598
906599
906600
906601
906602
906603
906604
906605
906606
906607
906608
906609
906610
906611
906612
906613
906614
906615
906616
906617
906618
906619
906620
906621
906622
906623
906624
906625
906626
906627
906628
906629
906630
906631
906632
906633
906634
906635
906636
906637
906638
906639
906640
906641
906642
906643
906644
906645
906646
906647
906648
906649
906650
906651
906652
906653
906654
906655
906656
906657
906658
906659
906670
906671
906672
906673
906674
906675
906676
906677
906678
906679
906680
906681
906682
906683
906684
906685
906686
906687
906688
906689
906690
