906691
906692
906693
906694
906695
906696
906697
906698
906699
906700
906701
906702
906703
906704
906705
906706
906707
906708
906709
906710
906711
906712
906713
906714
906715
906716
906717
906718
906719
906720
906721
906722
906723
906724
906725
906726
906727
906728
906729
906730
906731
906732
906733
906734
906735
906736
906737
906738
906739
906740
906741
906742
906743
906744
906745
906746
906747
906748
906749
906750
906751
906752
906753
906754
906755
906756
906757
906758
906759
906760
906761
906762
906763
906764
906765
906766
906767
906768
906769
906770
906771
906772
906773
906774
906775
906776
906778
906779
906780
906781
906782
906783
906784
906785
906786
906787
906788
906789
906790
906791
906792
906793
906794
906795
906796
906797
906798
906799
906800
906801
906802
906803
906804
906805
906806
906807
906808
906809
906810
906811
906812
906813
906814
906815
906816
906817
906818
906819
906820
906821
906822
906823
906824
906825
906826
906827
906828
906829
906830
906831
906832
906833
906834
906835
906836
906837
906838
906839
906840
906841
906842
906843
906844
906845
906846
906847
906848
906849
906850
906851
906852
906853
906854
906855
906856
906857
906858
906859
906860
906861
906862
906863
906864
906865
906866
906867
906868
906869
906870
906871
906872
906873
906874
906875
906876
906877
906878
906879
906880
906881
906882
906883
906884
906885
906886
906887
906889
906890
906891
906892
906893
906894
906895
906896
906897
906898
906899
906900
906901
906902
906903
906904
906905
906906
906907
906908
906909
906910
906911
906912
906913
906914
906915
906916
906917
906918
906919
906920
906921
906922
906923
906924
906925
906926
906927
906928
906929
906930
906931
906932
906933
906934
906935
906936
906937
906938
906939
906940
906941
906942
906943
906944
906945
906946
906947
906948
906949
906950
906951
906952
906953
906954
906955
906956
906957
906958
906959
906960
906961
906962
906963
906964
906965
906966
906967
906968
906969
906970
906971
906972
906973
906974
906975
906976
906977
906978
906979
906980
906981
906982
906983
906984
906985
906986
906987
906988
906989
906990
906991
906992
906993
906994
906995
906996
906997
906998
907001
907002
907003
907004
907005
907006
907007
907008
907009
907010
907011
907012
907013
907014
907015
907016
907017
907018
907019
907020
907021
907022
907023
907024
907025
907026
907027
907028
907029
907030
907031
907032
907033
907034
907035
907036
907037
907038
907039
907040
907041
907042
907043
907044
907045
907046
907047
907048
907049
907050
907051
907052
907053
907054
907055
907056
907057
907058
907059
907060
907061
907062
907063
907064
907065
907066
907067
907068
907069
907070
907071
907072
907073
907074
907075
907076
907077
907078
907079
907080
907081
907082
907083
907084
907085
907086
907087
907088
907089
907090
907091
907092
907093
907094
907095
907096
907097
907098
907099
907100
907101
907102
907103
907104
907105
907106
907107
907108
907109
907110
907112
907113
907114
907115
907116
907117
907118
907119
907120
907121
907122
907123
907124
907125
907126
907127
907128
907129
907130
907131
907132
907133
907134
907135
907136
907137
907138
907139
907140
907141
907142
907143
907144
907145
907146
907147
907148
907149
907150
907151
907152
907153
907154
907155
907156
907157
907158
907159
907160
907161
907162
907163
907164
907165
907166
907167
907168
907169
907170
907171
907172
907173
907174
907175
907176
907177
907178
907179
907180
907181
907182
907183
907184
907185
907186
907187
907188
907189
907190
907191
907192
907193
907194
907195
907196
907197
907198
907199
907200
907201
907202
907203
907204
907205
907206
907207
907208
907209
907210
907211
907212
907213
907214
907215
907216
907217
907218
907219
907220
907221
907223
907224
907225
907226
907227
907228
907229
907230
907231
907232
907233
907234
907235
907236
907237
907238
907239
907240
907241
907242
907243
907244
907245
907246
907247
907248
907249
907250
907251
907252
907253
907254
907255
907256
907257
907258
907259
907260
907261
907262
907263
907264
907265
907266
907267
907268
907269
907270
907271
907272
907273
907274
907275
907276
907277
907278
907279
907280
907281
907282
907283
907284
907285
907286
907287
907288
907289
907290
907291
907292
907293
907294
907295
907296
907297
907298
907299
907300
907301
907302
907303
907304
907305
907306
907307
907308
907309
907310
907311
907312
907313
907314
907315
907316
907317
907318
907319
907320
907321
907322
907323
907324
907325
907326
907327
907328
907329
907330
907331
907332
907334
907335
907336
907337
907338
907339
907340
907341
907342
907343
907344
907345
907346
907347
907348
907349
907350
907351
907352
907353
907354
907355
907356
907357
907358
907359
907360
907361
907362
907363
907364
907365
907366
907367
907368
907369
907370
907371
907372
907373
907374
907375
907376
907377
907378
907379
907380
907381
907382
907383
907384
907385
907386
907387
907388
907389
907390
907391
907392
907393
907394
907395
907396
907397
907398
907399
907400
907401
907402
907403
907404
907405
907406
907407
907408
907409
907410
907411
907412
907413
907414
907415
907416
907417
907418
907419
907420
907421
907422
907423
907424
907425
907426
907427
907428
907429
907430
907431
907432
907433
907434
907435
907436
907437
907438
907439
907440
907441
907442
907443
907445
907446
907447
907448
907449
907450
907451
907452
907453
907454
907455
907456
907457
907458
907459
907460
907461
907462
907463
907464
907465
907466
907467
907468
907469
907470
907471
907472
907473
907474
907475
907476
907477
907478
907479
907480
907481
907482
907483
907484
907485
907486
907487
907488
907489
907490
907491
907492
907493
907494
907495
907496
907497
907498
907499
907500
907501
907502
907503
907504
907505
907506
907507
907508
907509
907510
907511
907512
907513
907514
907515
907516
907517
907518
907519
907520
907521
907522
907523
907524
907525
907526
907527
907528
907529
907530
907531
907532
907533
907534
907535
907536
907537
907538
907539
907540
907541
907542
907543
907544
907545
907546
907547
907548
907549
907550
907551
907552
907553
907554
907556
907557
907558
907559
907560
907561
907562
907563
907564
907565
907566
907567
907568
907569
907570
907571
907572
907573
907574
907575
907576
907577
907578
907579
907580
907581
907582
907583
907584
907585
907586
907587
907588
907589
907590
907591
907592
907593
907594
907595
907596
907597
907598
907599
907600
907601
907602
907603
907604
907605
907606
907607
907608
907609
907610
907611
907612
907613
907614
907615
907616
907617
907618
907619
907620
907621
907622
907623
907624
907625
907626
907627
907628
907629
907630
907631
907632
907633
907634
907635
907636
907637
907638
907639
907640
907641
907642
907643
907644
907645
907646
907647
907648
907649
907650
907651
907652
907653
907654
907655
907656
907657
907658
907659
907660
907661
907662
907663
907664
907665
907667
907668
907669
907670
907671
907672
907673
907674
907675
907676
907677
907678
907679
907680
907681
907682
907683
907684
907685
907686
907687
907688
907689
907690
907691
907692
907693
907694
907695
907696
907697
907698
907699
907700
907701
907702
907703
907704
907705
907706
907707
907708
907709
907710
907711
907712
907713
907714
907715
907716
907717
907718
907719
907720
907721
907722
907723
907724
907725
907726
907727
907728
907729
907730
907731
907732
907733
907734
907735
907736
907737
907738
907739
907740
907741
907742
907743
907744
907745
907746
907747
907748
907749
907750
907751
907752
907753
907754
907755
907756
907757
907758
907759
907760
907761
907762
907763
907764
907765
907766
907767
907768
907769
907780
907781
907782
907783
907784
907785
907786
907787
907788
907789
907790
907791
907792
907793
907794
907795
907796
907797
907798
907799
907800
907801
907802
907803
907804
907805
907806
907807
907808
907809
907810
907811
907812
907813
907814
907815
907816
907817
907818
907819
907820
907821
907822
907823
907824
907825
907826
907827
907828
907829
907830
907831
907832
907833
907834
907835
907836
907837
907838
907839
907840
907841
907842
907843
907844
907845
907846
907847
907848
907849
907850
907851
907852
907853
