907854
907855
907856
907857
907858
907859
907860
907861
907862
907863
907864
907865
907866
907867
907868
907869
907870
907871
907872
907873
907874
907875
907876
907877
907878
907879
907880
907881
907882
907883
907884
907885
907886
907887
907889
907890
907891
907892
907893
907894
907895
907896
907897
907898
907899
907900
907901
907902
907903
907904
907905
907906
907907
907908
907909
907910
907911
907912
907913
907914
907915
907916
907917
907918
907919
907920
907921
907922
907923
907924
907925
907926
907927
907928
907929
907930
907931
907932
907933
907934
907935
907936
907937
907938
907939
907940
907941
907942
907943
907944
907945
907946
907947
907948
907949
907950
907951
907952
907953
907954
907955
907956
907957
907958
907959
907960
907961
907962
907963
907964
907965
907966
907967
907968
907969
907970
907971
907972
907973
907974
907975
907976
907977
907978
907979
907980
907981
907982
907983
907984
907985
907986
907987
907988
907989
907990
907991
907992
907993
907994
907995
907996
907997
907998
908001
908002
908003
908004
908005
908006
908007
908008
908009
908010
908011
908012
908013
908014
908015
908016
908017
908018
908019
908020
908021
908022
908023
908024
908025
908026
908027
908028
908029
908030
908031
908032
908033
908034
908035
908036
908037
908038
908039
908040
908041
908042
908043
908044
908045
908046
908047
908048
908049
908050
908051
908052
908053
908054
908055
908056
908057
908058
908059
908060
908061
908062
908063
908064
908065
908066
908067
908068
908069
908070
908071
908072
908073
908074
908075
908076
908077
908078
908079
908080
908081
908082
908083
908084
908085
908086
908087
908088
908089
908090
908091
908092
908093
908094
908095
908096
908097
908098
908099
908100
908101
908102
908103
908104
908105
908106
908107
908108
908109
908110
908112
908113
908114
908115
908116
908117
908118
908119
908120
908121
908122
908123
908124
908125
908126
908127
908128
908129
908130
908131
908132
908133
908134
908135
908136
908137
908138
908139
908140
908141
908142
908143
908144
908145
908146
908147
908148
908149
908150
908151
908152
908153
908154
908155
908156
908157
908158
908159
908160
908161
908162
908163
908164
908165
908166
908167
908168
908169
908170
908171
908172
908173
908174
908175
908176
908177
908178
908179
908180
908181
908182
908183
908184
908185
908186
908187
908188
908189
908190
908191
908192
908193
908194
908195
908196
908197
908198
908199
908200
908201
908202
908203
908204
908205
908206
908207
908208
908209
908210
908211
908212
908213
908214
908215
908216
908217
908218
908219
908220
908221
908223
908224
908225
908226
908227
908228
908229
908230
908231
908232
908233
908234
908235
908236
908237
908238
908239
908240
908241
908242
908243
908244
908245
908246
908247
908248
908249
908250
908251
908252
908253
908254
908255
908256
908257
908258
908259
908260
908261
908262
908263
908264
908265
908266
908267
908268
908269
908270
908271
908272
908273
908274
908275
908276
908277
908278
908279
908280
908281
908282
908283
908284
908285
908286
908287
908288
908289
908290
908291
908292
908293
908294
908295
908296
908297
908298
908299
908300
908301
908302
908303
908304
908305
908306
908307
908308
908309
908310
908311
908312
908313
908314
908315
908316
908317
908318
908319
908320
908321
908322
908323
908324
908325
908326
908327
908328
908329
908330
908331
908332
908334
908335
908336
908337
908338
908339
908340
908341
908342
908343
908344
908345
908346
908347
908348
908349
908350
908351
908352
908353
908354
908355
908356
908357
908358
908359
908360
908361
908362
908363
908364
908365
908366
908367
908368
908369
908370
908371
908372
908373
908374
908375
908376
908377
908378
908379
908380
908381
908382
908383
908384
908385
908386
908387
908388
908389
908390
908391
908392
908393
908394
908395
908396
908397
908398
908399
908400
908401
908402
908403
908404
908405
908406
908407
908408
908409
908410
908411
908412
908413
908414
908415
908416
908417
908418
908419
908420
908421
908422
908423
908424
908425
908426
908427
908428
908429
908430
908431
908432
908433
908434
908435
908436
908437
908438
908439
908440
908441
908442
908443
908445
908446
908447
908448
908449
908450
908451
908452
908453
908454
908455
908456
908457
908458
908459
908460
908461
908462
908463
908464
908465
908466
908467
908468
908469
908470
908471
908472
908473
908474
908475
908476
908477
908478
908479
908480
908481
908482
908483
908484
908485
908486
908487
908488
908489
908490
908491
908492
908493
908494
908495
908496
908497
908498
908499
908500
908501
908502
908503
908504
908505
908506
908507
908508
908509
908510
908511
908512
908513
908514
908515
908516
908517
908518
908519
908520
908521
908522
908523
908524
908525
908526
908527
908528
908529
908530
908531
908532
908533
908534
908535
908536
908537
908538
908539
908540
908541
908542
908543
908544
908545
908546
908547
908548
908549
908550
908551
908552
908553
908554
908556
908557
908558
908559
908560
908561
908562
908563
908564
908565
908566
908567
908568
908569
908570
908571
908572
908573
908574
908575
908576
908577
908578
908579
908580
908581
908582
908583
908584
908585
908586
908587
908588
908589
908590
908591
908592
908593
908594
908595
908596
908597
908598
908599
908600
908601
908602
908603
908604
908605
908606
908607
908608
908609
908610
908611
908612
908613
908614
908615
908616
908617
908618
908619
908620
908621
908622
908623
908624
908625
908626
908627
908628
908629
908630
908631
908632
908633
908634
908635
908636
908637
908638
908639
908640
908641
908642
908643
908644
908645
908646
908647
908648
908649
908650
908651
908652
908653
908654
908655
908656
908657
908658
908659
908660
908661
908662
908663
908664
908665
908667
908668
908669
908670
908671
908672
908673
908674
908675
908676
908677
908678
908679
908680
908681
908682
908683
908684
908685
908686
908687
908688
908689
908690
908691
908692
908693
908694
908695
908696
908697
908698
908699
908700
908701
908702
908703
908704
908705
908706
908707
908708
908709
908710
908711
908712
908713
908714
908715
908716
908717
908718
908719
908720
908721
908722
908723
908724
908725
908726
908727
908728
908729
908730
908731
908732
908733
908734
908735
908736
908737
908738
908739
908740
908741
908742
908743
908744
908745
908746
908747
908748
908749
908750
908751
908752
908753
908754
908755
908756
908757
908758
908759
908760
908761
908762
908763
908764
908765
908766
908767
908768
908769
908770
908771
908772
908773
908774
908775
908776
908778
908779
908780
908781
908782
908783
908784
908785
908786
908787
908788
908789
908790
908791
908792
908793
908794
908795
908796
908797
908798
908799
908800
908801
908802
908803
908804
908805
908806
908807
908808
908809
908810
908811
908812
908813
908814
908815
908816
908817
908818
908819
908820
908821
908822
908823
908824
908825
908826
908827
908828
908829
908830
908831
908832
908833
908834
908835
908836
908837
908838
908839
908840
908841
908842
908843
908844
908845
908846
908847
908848
908849
908850
908851
908852
908853
908854
908855
908856
908857
908858
908859
908860
908861
908862
908863
908864
908865
908866
908867
908868
908869
908870
908871
908872
908873
908874
908875
908876
908877
908878
908879
908890
908891
908892
908893
908894
908895
908896
908897
908898
908899
908900
908901
908902
908903
908904
908905
908906
908907
908908
908909
908910
908911
908912
908913
908914
908915
908916
908917
908918
908919
908920
908921
908922
908923
908924
908925
908926
908927
908928
908929
908930
908931
908932
908933
908934
908935
908936
908937
908938
908939
908940
908941
908942
908943
908944
908945
908946
908947
908948
908949
908950
908951
908952
908953
908954
908955
908956
908957
908958
908959
908960
908961
908962
908963
908964
908965
908966
908967
908968
908969
908970
908971
908972
908973
908974
908975
908976
908977
908978
908979
908980
908981
908982
908983
908984
908985
908986
908987
908988
908989
908990
908991
908992
908993
908994
908995
908996
908997
908998
909001
909002
909003
909004
909005
909006
909007
909008
909009
909010
909011
909012
909013
909014
909015
909016
909017
909018
