909019
909020
909021
909022
909023
909024
909025
909026
909027
909028
909029
909030
909031
909032
909033
909034
909035
909036
909037
909038
909039
909040
909041
909042
909043
909044
909045
909046
909047
909048
909049
909050
909051
909052
909053
909054
909055
909056
909057
909058
909059
909060
909061
909062
909063
909064
909065
909066
909067
909068
909069
909070
909071
909072
909073
909074
909075
909076
909077
909078
909079
909080
909081
909082
909083
909084
909085
909086
909087
909088
909089
909090
909091
909092
909093
909094
909095
909096
909097
909098
909099
909100
909101
909102
909103
909104
909105
909106
909107
909108
909109
909110
909112
909113
909114
909115
909116
909117
909118
909119
909120
909121
909122
909123
909124
909125
909126
909127
909128
909129
909130
909131
909132
909133
909134
909135
909136
909137
909138
909139
909140
909141
909142
909143
909144
909145
909146
909147
909148
909149
909150
909151
909152
909153
909154
909155
909156
909157
909158
909159
909160
909161
909162
909163
909164
909165
909166
909167
909168
909169
909170
909171
909172
909173
909174
909175
909176
909177
909178
909179
909180
909181
909182
909183
909184
909185
909186
909187
909188
909189
909190
909191
909192
909193
909194
909195
909196
909197
909198
909199
909200
909201
909202
909203
909204
909205
909206
909207
909208
909209
909210
909211
909212
909213
909214
909215
909216
909217
909218
909219
909220
909221
909223
909224
909225
909226
909227
909228
909229
909230
909231
909232
909233
909234
909235
909236
909237
909238
909239
909240
909241
909242
909243
909244
909245
909246
909247
909248
909249
909250
909251
909252
909253
909254
909255
909256
909257
909258
909259
909260
909261
909262
909263
909264
909265
909266
909267
909268
909269
909270
909271
909272
909273
909274
909275
909276
909277
909278
909279
909280
909281
909282
909283
909284
909285
909286
909287
909288
909289
909290
909291
909292
909293
909294
909295
909296
909297
909298
909299
909300
909301
909302
909303
909304
909305
909306
909307
909308
909309
909310
909311
909312
909313
909314
909315
909316
909317
909318
909319
909320
909321
909322
909323
909324
909325
909326
909327
909328
909329
909330
909331
909332
909334
909335
909336
909337
909338
909339
909340
909341
909342
909343
909344
909345
909346
909347
909348
909349
909350
909351
909352
909353
909354
909355
909356
909357
909358
909359
909360
909361
909362
909363
909364
909365
909366
909367
909368
909369
909370
909371
909372
909373
909374
909375
909376
909377
909378
909379
909380
909381
909382
909383
909384
909385
909386
909387
909388
909389
909390
909391
909392
909393
909394
909395
909396
909397
909398
909399
909400
909401
909402
909403
909404
909405
909406
909407
909408
909409
909410
909411
909412
909413
909414
909415
909416
909417
909418
909419
909420
909421
909422
909423
909424
909425
909426
909427
909428
909429
909430
909431
909432
909433
909434
909435
909436
909437
909438
909439
909440
909441
909442
909443
909445
909446
909447
909448
909449
909450
909451
909452
909453
909454
909455
909456
909457
909458
909459
909460
909461
909462
909463
909464
909465
909466
909467
909468
909469
909470
909471
909472
909473
909474
909475
909476
909477
909478
909479
909480
909481
909482
909483
909484
909485
909486
909487
909488
909489
909490
909491
909492
909493
909494
909495
909496
909497
909498
909499
909500
909501
909502
909503
909504
909505
909506
909507
909508
909509
909510
909511
909512
909513
909514
909515
909516
909517
909518
909519
909520
909521
909522
909523
909524
909525
909526
909527
909528
909529
909530
909531
909532
909533
909534
909535
909536
909537
909538
909539
909540
909541
909542
909543
909544
909545
909546
909547
909548
909549
909550
909551
909552
909553
909554
909556
909557
909558
909559
909560
909561
909562
909563
909564
909565
909566
909567
909568
909569
909570
909571
909572
909573
909574
909575
909576
909577
909578
909579
909580
909581
909582
909583
909584
909585
909586
909587
909588
909589
909590
909591
909592
909593
909594
909595
909596
909597
909598
909599
909600
909601
909602
909603
909604
909605
909606
909607
909608
909609
909610
909611
909612
909613
909614
909615
909616
909617
909618
909619
909620
909621
909622
909623
909624
909625
909626
909627
909628
909629
909630
909631
909632
909633
909634
909635
909636
909637
909638
909639
909640
909641
909642
909643
909644
909645
909646
909647
909648
909649
909650
909651
909652
909653
909654
909655
909656
909657
909658
909659
909660
909661
909662
909663
909664
909665
909667
909668
909669
909670
909671
909672
909673
909674
909675
909676
909677
909678
909679
909680
909681
909682
909683
909684
909685
909686
909687
909688
909689
909690
909691
909692
909693
909694
909695
909696
909697
909698
909699
909700
909701
909702
909703
909704
909705
909706
909707
909708
909709
909710
909711
909712
909713
909714
909715
909716
909717
909718
909719
909720
909721
909722
909723
909724
909725
909726
909727
909728
909729
909730
909731
909732
909733
909734
909735
909736
909737
909738
909739
909740
909741
909742
909743
909744
909745
909746
909747
909748
909749
909750
909751
909752
909753
909754
909755
909756
909757
909758
909759
909760
909761
909762
909763
909764
909765
909766
909767
909768
909769
909770
909771
909772
909773
909774
909775
909776
909778
909779
909780
909781
909782
909783
909784
909785
909786
909787
909788
909789
909790
909791
909792
909793
909794
909795
909796
909797
909798
909799
909800
909801
909802
909803
909804
909805
909806
909807
909808
909809
909810
909811
909812
909813
909814
909815
909816
909817
909818
909819
909820
909821
909822
909823
909824
909825
909826
909827
909828
909829
909830
909831
909832
909833
909834
909835
909836
909837
909838
909839
909840
909841
909842
909843
909844
909845
909846
909847
909848
909849
909850
909851
909852
909853
909854
909855
909856
909857
909858
909859
909860
909861
909862
909863
909864
909865
909866
909867
909868
909869
909870
909871
909872
909873
909874
909875
909876
909877
909878
909879
909880
909881
909882
909883
909884
909885
909886
909887
909889
909890
909891
909892
909893
909894
909895
909896
909897
909898
909899
909900
909901
909902
909903
909904
909905
909906
909907
909908
909909
909910
909911
909912
909913
909914
909915
909916
909917
909918
909919
909920
909921
909922
909923
909924
909925
909926
909927
909928
909929
909930
909931
909932
909933
909934
909935
909936
909937
909938
909939
909940
909941
909942
909943
909944
909945
909946
909947
909948
909949
909950
909951
909952
909953
909954
909955
909956
909957
909958
909959
909960
909961
909962
909963
909964
909965
909966
909967
909968
909969
909970
909971
909972
909973
909974
909975
909976
909977
909978
909979
909980
909981
909982
909983
909984
909985
909986
909987
909988
909989
910010
910011
910012
910013
910014
910015
910016
910017
910018
910019
910020
910021
910022
910023
910024
910025
910026
910027
910028
910029
910030
910031
910032
910033
910034
910035
910036
910037
910038
910039
910040
910041
910042
910043
910044
910045
910046
910047
910048
910049
910050
910051
910052
910053
910054
910055
910056
910057
910058
910059
910060
910061
910062
910063
910064
910065
910066
910067
910068
910069
910070
910071
910072
910073
910074
910075
910076
910077
910078
910079
910080
910081
910082
910083
910084
910085
910086
910087
910088
910089
910090
910091
910092
910093
910094
910095
910096
910097
910098
910099
910100
910101
910102
910103
910104
910105
910106
910107
910108
910109
910110
910112
910113
910114
910115
910116
910117
910118
910119
910120
910121
910122
910123
910124
910125
910126
910127
910128
910129
910130
910131
910132
910133
910134
910135
910136
910137
910138
910139
910140
910141
910142
910143
910144
910145
910146
910147
910148
910149
910150
910151
910152
910153
910154
910155
910156
910157
910158
910159
910160
910161
910162
910163
910164
910165
910166
910167
910168
910169
910170
910171
910172
910173
910174
910175
910176
910177
910178
910179
910180
910181
910182
910183
910184
910185
910186
910187
910188
910189
910190
