910191
910192
910193
910194
910195
910196
910197
910198
910199
910200
910201
910202
910203
910204
910205
910206
910207
910208
910209
910210
910211
910212
910213
910214
910215
910216
910217
910218
910219
910220
910221
910223
910224
910225
910226
910227
910228
910229
910230
910231
910232
910233
910234
910235
910236
910237
910238
910239
910240
910241
910242
910243
910244
910245
910246
910247
910248
910249
910250
910251
910252
910253
910254
910255
910256
910257
910258
910259
910260
910261
910262
910263
910264
910265
910266
910267
910268
910269
910270
910271
910272
910273
910274
910275
910276
910277
910278
910279
910280
910281
910282
910283
910284
910285
910286
910287
910288
910289
910290
910291
910292
910293
910294
910295
910296
910297
910298
910299
910300
910301
910302
910303
910304
910305
910306
910307
910308
910309
910310
910311
910312
910313
910314
910315
910316
910317
910318
910319
910320
910321
910322
910323
910324
910325
910326
910327
910328
910329
910330
910331
910332
910334
910335
910336
910337
910338
910339
910340
910341
910342
910343
910344
910345
910346
910347
910348
910349
910350
910351
910352
910353
910354
910355
910356
910357
910358
910359
910360
910361
910362
910363
910364
910365
910366
910367
910368
910369
910370
910371
910372
910373
910374
910375
910376
910377
910378
910379
910380
910381
910382
910383
910384
910385
910386
910387
910388
910389
910390
910391
910392
910393
910394
910395
910396
910397
910398
910399
910400
910401
910402
910403
910404
910405
910406
910407
910408
910409
910410
910411
910412
910413
910414
910415
910416
910417
910418
910419
910420
910421
910422
910423
910424
910425
910426
910427
910428
910429
910430
910431
910432
910433
910434
910435
910436
910437
910438
910439
910440
910441
910442
910443
910445
910446
910447
910448
910449
910450
910451
910452
910453
910454
910455
910456
910457
910458
910459
910460
910461
910462
910463
910464
910465
910466
910467
910468
910469
910470
910471
910472
910473
910474
910475
910476
910477
910478
910479
910480
910481
910482
910483
910484
910485
910486
910487
910488
910489
910490
910491
910492
910493
910494
910495
910496
910497
910498
910499
910500
910501
910502
910503
910504
910505
910506
910507
910508
910509
910510
910511
910512
910513
910514
910515
910516
910517
910518
910519
910520
910521
910522
910523
910524
910525
910526
910527
910528
910529
910530
910531
910532
910533
910534
910535
910536
910537
910538
910539
910540
910541
910542
910543
910544
910545
910546
910547
910548
910549
910550
910551
910552
910553
910554
910556
910557
910558
910559
910560
910561
910562
910563
910564
910565
910566
910567
910568
910569
910570
910571
910572
910573
910574
910575
910576
910577
910578
910579
910580
910581
910582
910583
910584
910585
910586
910587
910588
910589
910590
910591
910592
910593
910594
910595
910596
910597
910598
910599
910600
910601
910602
910603
910604
910605
910606
910607
910608
910609
910610
910611
910612
910613
910614
910615
910616
910617
910618
910619
910620
910621
910622
910623
910624
910625
910626
910627
910628
910629
910630
910631
910632
910633
910634
910635
910636
910637
910638
910639
910640
910641
910642
910643
910644
910645
910646
910647
910648
910649
910650
910651
910652
910653
910654
910655
910656
910657
910658
910659
910660
910661
910662
910663
910664
910665
910667
910668
910669
910670
910671
910672
910673
910674
910675
910676
910677
910678
910679
910680
910681
910682
910683
910684
910685
910686
910687
910688
910689
910690
910691
910692
910693
910694
910695
910696
910697
910698
910699
910700
910701
910702
910703
910704
910705
910706
910707
910708
910709
910710
910711
910712
910713
910714
910715
910716
910717
910718
910719
910720
910721
910722
910723
910724
910725
910726
910727
910728
910729
910730
910731
910732
910733
910734
910735
910736
910737
910738
910739
910740
910741
910742
910743
910744
910745
910746
910747
910748
910749
910750
910751
910752
910753
910754
910755
910756
910757
910758
910759
910760
910761
910762
910763
910764
910765
910766
910767
910768
910769
910770
910771
910772
910773
910774
910775
910776
910778
910779
910780
910781
910782
910783
910784
910785
910786
910787
910788
910789
910790
910791
910792
910793
910794
910795
910796
910797
910798
910799
910800
910801
910802
910803
910804
910805
910806
910807
910808
910809
910810
910811
910812
910813
910814
910815
910816
910817
910818
910819
910820
910821
910822
910823
910824
910825
910826
910827
910828
910829
910830
910831
910832
910833
910834
910835
910836
910837
910838
910839
910840
910841
910842
910843
910844
910845
910846
910847
910848
910849
910850
910851
910852
910853
910854
910855
910856
910857
910858
910859
910860
910861
910862
910863
910864
910865
910866
910867
910868
910869
910870
910871
910872
910873
910874
910875
910876
910877
910878
910879
910880
910881
910882
910883
910884
910885
910886
910887
910889
910890
910891
910892
910893
910894
910895
910896
910897
910898
910899
910900
910901
910902
910903
910904
910905
910906
910907
910908
910909
910910
910911
910912
910913
910914
910915
910916
910917
910918
910919
910920
910921
910922
910923
910924
910925
910926
910927
910928
910929
910930
910931
910932
910933
910934
910935
910936
910937
910938
910939
910940
910941
910942
910943
910944
910945
910946
910947
910948
910949
910950
910951
910952
910953
910954
910955
910956
910957
910958
910959
910960
910961
910962
910963
910964
910965
910966
910967
910968
910969
910970
910971
910972
910973
910974
910975
910976
910977
910978
910979
910980
910981
910982
910983
910984
910985
910986
910987
910988
910989
910990
910991
910992
910993
910994
910995
910996
910997
910998
911001
911002
911003
911004
911005
911006
911007
911008
911009
911010
911011
911012
911013
911014
911015
911016
911017
911018
911019
911020
911021
911022
911023
911024
911025
911026
911027
911028
911029
911030
911031
911032
911033
911034
911035
911036
911037
911038
911039
911040
911041
911042
911043
911044
911045
911046
911047
911048
911049
911050
911051
911052
911053
911054
911055
911056
911057
911058
911059
911060
911061
911062
911063
911064
911065
911066
911067
911068
911069
911070
911071
911072
911073
911074
911075
911076
911077
911078
911079
911080
911081
911082
911083
911084
911085
911086
911087
911088
911089
911090
911091
911092
911093
911094
911095
911096
911097
911098
911099
911200
911201
911202
911203
911204
911205
911206
911207
911208
911209
911210
911211
911212
911213
911214
911215
911216
911217
911218
911219
911220
911221
911223
911224
911225
911226
911227
911228
911229
911230
911231
911232
911233
911234
911235
911236
911237
911238
911239
911240
911241
911242
911243
911244
911245
911246
911247
911248
911249
911250
911251
911252
911253
911254
911255
911256
911257
911258
911259
911260
911261
911262
911263
911264
911265
911266
911267
911268
911269
911270
911271
911272
911273
911274
911275
911276
911277
911278
911279
911280
911281
911282
911283
911284
911285
911286
911287
911288
911289
911290
911291
911292
911293
911294
911295
911296
911297
911298
911299
911300
911301
911302
911303
911304
911305
911306
911307
911308
911309
911310
911311
911312
911313
911314
911315
911316
911317
911318
911319
911320
911321
911322
911323
911324
911325
911326
911327
911328
911329
911330
911331
911332
911334
911335
911336
911337
911338
911339
911340
911341
911342
911343
911344
911345
911346
911347
911348
911349
911350
911351
911352
911353
911354
911355
911356
911357
911358
911359
911360
911361
911362
911363
911364
911365
911366
911367
911368
911369
911370
911371
911372
911373
911374
911375
911376
911377
911378
911379
911380
911381
911382
911383
911384
911385
911386
911387
911388
911389
911390
911391
911392
911393
911394
911395
911396
911397
911398
911399
911400
911401
911402
911403
911404
911405
911406
911407
911408
911409
911410
911411
911412
911413
911414
911415
911416
911417
911418
911419
911420
911421
911422
911423
911424
911425
911426
911427
911428
911429
911430
911431
911432
911433
911434
911435
911436
911437
911438
911439
911440
911441
911442
911443
911445
