911446
911447
911448
911449
911450
911451
911452
911453
911454
911455
911456
911457
911458
911459
911460
911461
911462
911463
911464
911465
911466
911467
911468
911469
911470
911471
911472
911473
911474
911475
911476
911477
911478
911479
911480
911481
911482
911483
911484
911485
911486
911487
911488
911489
911490
911491
911492
911493
911494
911495
911496
911497
911498
911499
911500
911501
911502
911503
911504
911505
911506
911507
911508
911509
911510
911511
911512
911513
911514
911515
911516
911517
911518
911519
911520
911521
911522
911523
911524
911525
911526
911527
911528
911529
911530
911531
911532
911533
911534
911535
911536
911537
911538
911539
911540
911541
911542
911543
911544
911545
911546
911547
911548
911549
911550
911551
911552
911553
911554
911556
911557
911558
911559
911560
911561
911562
911563
911564
911565
911566
911567
911568
911569
911570
911571
911572
911573
911574
911575
911576
911577
911578
911579
911580
911581
911582
911583
911584
911585
911586
911587
911588
911589
911590
911591
911592
911593
911594
911595
911596
911597
911598
911599
911600
911601
911602
911603
911604
911605
911606
911607
911608
911609
911610
911611
911612
911613
911614
911615
911616
911617
911618
911619
911620
911621
911622
911623
911624
911625
911626
911627
911628
911629
911630
911631
911632
911633
911634
911635
911636
911637
911638
911639
911640
911641
911642
911643
911644
911645
911646
911647
911648
911649
911650
911651
911652
911653
911654
911655
911656
911657
911658
911659
911660
911661
911662
911663
911664
911665
911667
911668
911669
911670
911671
911672
911673
911674
911675
911676
911677
911678
911679
911680
911681
911682
911683
911684
911685
911686
911687
911688
911689
911690
911691
911692
911693
911694
911695
911696
911697
911698
911699
911700
911701
911702
911703
911704
911705
911706
911707
911708
911709
911710
911711
911712
911713
911714
911715
911716
911717
911718
911719
911720
911721
911722
911723
911724
911725
911726
911727
911728
911729
911730
911731
911732
911733
911734
911735
911736
911737
911738
911739
911740
911741
911742
911743
911744
911745
911746
911747
911748
911749
911750
911751
911752
911753
911754
911755
911756
911757
911758
911759
911760
911761
911762
911763
911764
911765
911766
911767
911768
911769
911770
911771
911772
911773
911774
911775
911776
911778
911779
911780
911781
911782
911783
911784
911785
911786
911787
911788
911789
911790
911791
911792
911793
911794
911795
911796
911797
911798
911799
911800
911801
911802
911803
911804
911805
911806
911807
911808
911809
911810
911811
911812
911813
911814
911815
911816
911817
911818
911819
911820
911821
911822
911823
911824
911825
911826
911827
911828
911829
911830
911831
911832
911833
911834
911835
911836
911837
911838
911839
911840
911841
911842
911843
911844
911845
911846
911847
911848
911849
911850
911851
911852
911853
911854
911855
911856
911857
911858
911859
911860
911861
911862
911863
911864
911865
911866
911867
911868
911869
911870
911871
911872
911873
911874
911875
911876
911877
911878
911879
911880
911881
911882
911883
911884
911885
911886
911887
911889
911890
911891
911892
911893
911894
911895
911896
911897
911898
911899
911900
911901
911902
911903
911904
911905
911906
911907
911908
911909
911910
911911
911912
911913
911914
911915
911916
911917
911918
911919
911920
911921
911922
911923
911924
911925
911926
911927
911928
911929
911930
911931
911932
911933
911934
911935
911936
911937
911938
911939
911940
911941
911942
911943
911944
911945
911946
911947
911948
911949
911950
911951
911952
911953
911954
911955
911956
911957
911958
911959
911960
911961
911962
911963
911964
911965
911966
911967
911968
911969
911970
911971
911972
911973
911974
911975
911976
911977
911978
911979
911980
911981
911982
911983
911984
911985
911986
911987
911988
911989
911990
911991
911992
911993
911994
911995
911996
911997
911998
912001
912002
912003
912004
912005
912006
912007
912008
912009
912010
912011
912012
912013
912014
912015
912016
912017
912018
912019
912020
912021
912022
912023
912024
912025
912026
912027
912028
912029
912030
912031
912032
912033
912034
912035
912036
912037
912038
912039
912040
912041
912042
912043
912044
912045
912046
912047
912048
912049
912050
912051
912052
912053
912054
912055
912056
912057
912058
912059
912060
912061
912062
912063
912064
912065
912066
912067
912068
912069
912070
912071
912072
912073
912074
912075
912076
912077
912078
912079
912080
912081
912082
912083
912084
912085
912086
912087
912088
912089
912090
912091
912092
912093
912094
912095
912096
912097
912098
912099
912100
912101
912102
912103
912104
912105
912106
912107
912108
912109
912110
912112
912113
912114
912115
912116
912117
912118
912119
912120
912121
912122
912123
912124
912125
912126
912127
912128
912129
912130
912131
912132
912133
912134
912135
912136
912137
912138
912139
912140
912141
912142
912143
912144
912145
912146
912147
912148
912149
912150
912151
912152
912153
912154
912155
912156
912157
912158
912159
912160
912161
912162
912163
912164
912165
912166
912167
912168
912169
912170
912171
912172
912173
912174
912175
912176
912177
912178
912179
912180
912181
912182
912183
912184
912185
912186
912187
912188
912189
912190
912191
912192
912193
912194
912195
912196
912197
912198
912199
912200
912201
912202
912203
912204
912205
912206
912207
912208
912209
912210
912211
912212
912213
912214
912215
912216
912217
912218
912219
912230
912231
912232
912233
912234
912235
912236
912237
912238
912239
912240
912241
912242
912243
912244
912245
912246
912247
912248
912249
912250
912251
912252
912253
912254
912255
912256
912257
912258
912259
912260
912261
912262
912263
912264
912265
912266
912267
912268
912269
912270
912271
912272
912273
912274
912275
912276
912277
912278
912279
912280
912281
912282
912283
912284
912285
912286
912287
912288
912289
912290
912291
912292
912293
912294
912295
912296
912297
912298
912299
912300
912301
912302
912303
912304
912305
912306
912307
912308
912309
912310
912311
912312
912313
912314
912315
912316
912317
912318
912319
912320
912321
912322
912323
912324
912325
912326
912327
912328
912329
912330
912331
912332
912334
912335
912336
912337
912338
912339
912340
912341
912342
912343
912344
912345
912346
912347
912348
912349
912350
912351
912352
912353
912354
912355
912356
912357
912358
912359
912360
912361
912362
912363
912364
912365
912366
912367
912368
912369
912370
912371
912372
912373
912374
912375
912376
912377
912378
912379
912380
912381
912382
912383
912384
912385
912386
912387
912388
912389
912390
912391
912392
912393
912394
912395
912396
912397
912398
912399
912400
912401
912402
912403
912404
912405
912406
912407
912408
912409
912410
912411
912412
912413
912414
912415
912416
912417
912418
912419
912420
912421
912422
912423
912424
912425
912426
912427
912428
912429
912430
912431
912432
912433
912434
912435
912436
912437
912438
912439
912440
912441
912442
912443
912445
912446
912447
912448
912449
912450
912451
912452
912453
912454
912455
912456
912457
912458
912459
912460
912461
912462
912463
912464
912465
912466
912467
912468
912469
912470
912471
912472
912473
912474
912475
912476
912477
912478
912479
912480
912481
912482
912483
912484
912485
912486
912487
912488
912489
912490
912491
912492
912493
912494
912495
912496
912497
912498
912499
912500
912501
912502
912503
912504
912505
912506
912507
912508
912509
912510
912511
912512
912513
912514
912515
912516
912517
912518
912519
912520
912521
912522
912523
912524
912525
912526
912527
912528
912529
912530
912531
912532
912533
912534
912535
912536
912537
912538
912539
912540
912541
912542
912543
912544
912545
912546
912547
912548
912549
912550
912551
912552
912553
912554
912556
912557
912558
912559
912560
912561
912562
912563
912564
912565
912566
912567
912568
912569
912570
912571
912572
912573
912574
912575
912576
912577
912578
912579
912580
912581
912582
912583
912584
912585
912586
912587
912588
912589
912590
912591
912592
912593
912594
912595
912596
912597
912598
912599
912600
912601
912602
912603
912604
912605
912606
912607
912608
