912609
912610
912611
912612
912613
912614
912615
912616
912617
912618
912619
912620
912621
912622
912623
912624
912625
912626
912627
912628
912629
912630
912631
912632
912633
912634
912635
912636
912637
912638
912639
912640
912641
912642
912643
912644
912645
912646
912647
912648
912649
912650
912651
912652
912653
912654
912655
912656
912657
912658
912659
912660
912661
912662
912663
912664
912665
912667
912668
912669
912670
912671
912672
912673
912674
912675
912676
912677
912678
912679
912680
912681
912682
912683
912684
912685
912686
912687
912688
912689
912690
912691
912692
912693
912694
912695
912696
912697
912698
912699
912700
912701
912702
912703
912704
912705
912706
912707
912708
912709
912710
912711
912712
912713
912714
912715
912716
912717
912718
912719
912720
912721
912722
912723
912724
912725
912726
912727
912728
912729
912730
912731
912732
912733
912734
912735
912736
912737
912738
912739
912740
912741
912742
912743
912744
912745
912746
912747
912748
912749
912750
912751
912752
912753
912754
912755
912756
912757
912758
912759
912760
912761
912762
912763
912764
912765
912766
912767
912768
912769
912770
912771
912772
912773
912774
912775
912776
912778
912779
912780
912781
912782
912783
912784
912785
912786
912787
912788
912789
912790
912791
912792
912793
912794
912795
912796
912797
912798
912799
912800
912801
912802
912803
912804
912805
912806
912807
912808
912809
912810
912811
912812
912813
912814
912815
912816
912817
912818
912819
912820
912821
912822
912823
912824
912825
912826
912827
912828
912829
912830
912831
912832
912833
912834
912835
912836
912837
912838
912839
912840
912841
912842
912843
912844
912845
912846
912847
912848
912849
912850
912851
912852
912853
912854
912855
912856
912857
912858
912859
912860
912861
912862
912863
912864
912865
912866
912867
912868
912869
912870
912871
912872
912873
912874
912875
912876
912877
912878
912879
912880
912881
912882
912883
912884
912885
912886
912887
912889
912890
912891
912892
912893
912894
912895
912896
912897
912898
912899
912900
912901
912902
912903
912904
912905
912906
912907
912908
912909
912910
912911
912912
912913
912914
912915
912916
912917
912918
912919
912920
912921
912922
912923
912924
912925
912926
912927
912928
912929
912930
912931
912932
912933
912934
912935
912936
912937
912938
912939
912940
912941
912942
912943
912944
912945
912946
912947
912948
912949
912950
912951
912952
912953
912954
912955
912956
912957
912958
912959
912960
912961
912962
912963
912964
912965
912966
912967
912968
912969
912970
912971
912972
912973
912974
912975
912976
912977
912978
912979
912980
912981
912982
912983
912984
912985
912986
912987
912988
912989
912990
912991
912992
912993
912994
912995
912996
912997
912998
913001
913002
913003
913004
913005
913006
913007
913008
913009
913010
913011
913012
913013
913014
913015
913016
913017
913018
913019
913020
913021
913022
913023
913024
913025
913026
913027
913028
913029
913030
913031
913032
913033
913034
913035
913036
913037
913038
913039
913040
913041
913042
913043
913044
913045
913046
913047
913048
913049
913050
913051
913052
913053
913054
913055
913056
913057
913058
913059
913060
913061
913062
913063
913064
913065
913066
913067
913068
913069
913070
913071
913072
913073
913074
913075
913076
913077
913078
913079
913080
913081
913082
913083
913084
913085
913086
913087
913088
913089
913090
913091
913092
913093
913094
913095
913096
913097
913098
913099
913100
913101
913102
913103
913104
913105
913106
913107
913108
913109
913110
913112
913113
913114
913115
913116
913117
913118
913119
913120
913121
913122
913123
913124
913125
913126
913127
913128
913129
913130
913131
913132
913133
913134
913135
913136
913137
913138
913139
913140
913141
913142
913143
913144
913145
913146
913147
913148
913149
913150
913151
913152
913153
913154
913155
913156
913157
913158
913159
913160
913161
913162
913163
913164
913165
913166
913167
913168
913169
913170
913171
913172
913173
913174
913175
913176
913177
913178
913179
913180
913181
913182
913183
913184
913185
913186
913187
913188
913189
913190
913191
913192
913193
913194
913195
913196
913197
913198
913199
913200
913201
913202
913203
913204
913205
913206
913207
913208
913209
913210
913211
913212
913213
913214
913215
913216
913217
913218
913219
913220
913221
913223
913224
913225
913226
913227
913228
913229
913230
913231
913232
913233
913234
913235
913236
913237
913238
913239
913240
913241
913242
913243
913244
913245
913246
913247
913248
913249
913250
913251
913252
913253
913254
913255
913256
913257
913258
913259
913260
913261
913262
913263
913264
913265
913266
913267
913268
913269
913270
913271
913272
913273
913274
913275
913276
913277
913278
913279
913280
913281
913282
913283
913284
913285
913286
913287
913288
913289
913290
913291
913292
913293
913294
913295
913296
913297
913298
913299
913300
913301
913302
913303
913304
913305
913306
913307
913308
913309
913310
913311
913312
913313
913314
913315
913316
913317
913318
913319
913320
913321
913322
913323
913324
913325
913326
913327
913328
913329
913340
913341
913342
913343
913344
913345
913346
913347
913348
913349
913350
913351
913352
913353
913354
913355
913356
913357
913358
913359
913360
913361
913362
913363
913364
913365
913366
913367
913368
913369
913370
913371
913372
913373
913374
913375
913376
913377
913378
913379
913380
913381
913382
913383
913384
913385
913386
913387
913388
913389
913390
913391
913392
913393
913394
913395
913396
913397
913398
913399
913400
913401
913402
913403
913404
913405
913406
913407
913408
913409
913410
913411
913412
913413
913414
913415
913416
913417
913418
913419
913420
913421
913422
913423
913424
913425
913426
913427
913428
913429
913430
913431
913432
913433
913434
913435
913436
913437
913438
913439
913440
913441
913442
913443
913445
913446
913447
913448
913449
913450
913451
913452
913453
913454
913455
913456
913457
913458
913459
913460
913461
913462
913463
913464
913465
913466
913467
913468
913469
913470
913471
913472
913473
913474
913475
913476
913477
913478
913479
913480
913481
913482
913483
913484
913485
913486
913487
913488
913489
913490
913491
913492
913493
913494
913495
913496
913497
913498
913499
913500
913501
913502
913503
913504
913505
913506
913507
913508
913509
913510
913511
913512
913513
913514
913515
913516
913517
913518
913519
913520
913521
913522
913523
913524
913525
913526
913527
913528
913529
913530
913531
913532
913533
913534
913535
913536
913537
913538
913539
913540
913541
913542
913543
913544
913545
913546
913547
913548
913549
913550
913551
913552
913553
913554
913556
913557
913558
913559
913560
913561
913562
913563
913564
913565
913566
913567
913568
913569
913570
913571
913572
913573
913574
913575
913576
913577
913578
913579
913580
913581
913582
913583
913584
913585
913586
913587
913588
913589
913590
913591
913592
913593
913594
913595
913596
913597
913598
913599
913600
913601
913602
913603
913604
913605
913606
913607
913608
913609
913610
913611
913612
913613
913614
913615
913616
913617
913618
913619
913620
913621
913622
913623
913624
913625
913626
913627
913628
913629
913630
913631
913632
913633
913634
913635
913636
913637
913638
913639
913640
913641
913642
913643
913644
913645
913646
913647
913648
913649
913650
913651
913652
913653
913654
913655
913656
913657
913658
913659
913660
913661
913662
913663
913664
913665
913667
913668
913669
913670
913671
913672
913673
913674
913675
913676
913677
913678
913679
913680
913681
913682
913683
913684
913685
913686
913687
913688
913689
913690
913691
913692
913693
913694
913695
913696
913697
913698
913699
913700
913701
913702
913703
913704
913705
913706
913707
913708
913709
913710
913711
913712
913713
913714
913715
913716
913717
913718
913719
913720
913721
913722
913723
913724
913725
913726
913727
913728
913729
913730
913731
913732
913733
913734
913735
913736
913737
913738
913739
913740
913741
913742
913743
913744
913745
913746
913747
913748
913749
913750
913751
913752
913753
913754
913755
913756
913757
913758
913759
913760
913761
913762
913763
913764
913765
913766
913767
913768
913769
913770
913771
