913772
913773
913774
913775
913776
913778
913779
913780
913781
913782
913783
913784
913785
913786
913787
913788
913789
913790
913791
913792
913793
913794
913795
913796
913797
913798
913799
913800
913801
913802
913803
913804
913805
913806
913807
913808
913809
913810
913811
913812
913813
913814
913815
913816
913817
913818
913819
913820
913821
913822
913823
913824
913825
913826
913827
913828
913829
913830
913831
913832
913833
913834
913835
913836
913837
913838
913839
913840
913841
913842
913843
913844
913845
913846
913847
913848
913849
913850
913851
913852
913853
913854
913855
913856
913857
913858
913859
913860
913861
913862
913863
913864
913865
913866
913867
913868
913869
913870
913871
913872
913873
913874
913875
913876
913877
913878
913879
913880
913881
913882
913883
913884
913885
913886
913887
913889
913890
913891
913892
913893
913894
913895
913896
913897
913898
913899
913900
913901
913902
913903
913904
913905
913906
913907
913908
913909
913910
913911
913912
913913
913914
913915
913916
913917
913918
913919
913920
913921
913922
913923
913924
913925
913926
913927
913928
913929
913930
913931
913932
913933
913934
913935
913936
913937
913938
913939
913940
913941
913942
913943
913944
913945
913946
913947
913948
913949
913950
913951
913952
913953
913954
913955
913956
913957
913958
913959
913960
913961
913962
913963
913964
913965
913966
913967
913968
913969
913970
913971
913972
913973
913974
913975
913976
913977
913978
913979
913980
913981
913982
913983
913984
913985
913986
913987
913988
913989
913990
913991
913992
913993
913994
913995
913996
913997
913998
914001
914002
914003
914004
914005
914006
914007
914008
914009
914010
914011
914012
914013
914014
914015
914016
914017
914018
914019
914020
914021
914022
914023
914024
914025
914026
914027
914028
914029
914030
914031
914032
914033
914034
914035
914036
914037
914038
914039
914040
914041
914042
914043
914044
914045
914046
914047
914048
914049
914050
914051
914052
914053
914054
914055
914056
914057
914058
914059
914060
914061
914062
914063
914064
914065
914066
914067
914068
914069
914070
914071
914072
914073
914074
914075
914076
914077
914078
914079
914080
914081
914082
914083
914084
914085
914086
914087
914088
914089
914090
914091
914092
914093
914094
914095
914096
914097
914098
914099
914100
914101
914102
914103
914104
914105
914106
914107
914108
914109
914110
914112
914113
914114
914115
914116
914117
914118
914119
914120
914121
914122
914123
914124
914125
914126
914127
914128
914129
914130
914131
914132
914133
914134
914135
914136
914137
914138
914139
914140
914141
914142
914143
914144
914145
914146
914147
914148
914149
914150
914151
914152
914153
914154
914155
914156
914157
914158
914159
914160
914161
914162
914163
914164
914165
914166
914167
914168
914169
914170
914171
914172
914173
914174
914175
914176
914177
914178
914179
914180
914181
914182
914183
914184
914185
914186
914187
914188
914189
914190
914191
914192
914193
914194
914195
914196
914197
914198
914199
914200
914201
914202
914203
914204
914205
914206
914207
914208
914209
914210
914211
914212
914213
914214
914215
914216
914217
914218
914219
914220
914221
914223
914224
914225
914226
914227
914228
914229
914230
914231
914232
914233
914234
914235
914236
914237
914238
914239
914240
914241
914242
914243
914244
914245
914246
914247
914248
914249
914250
914251
914252
914253
914254
914255
914256
914257
914258
914259
914260
914261
914262
914263
914264
914265
914266
914267
914268
914269
914270
914271
914272
914273
914274
914275
914276
914277
914278
914279
914280
914281
914282
914283
914284
914285
914286
914287
914288
914289
914290
914291
914292
914293
914294
914295
914296
914297
914298
914299
914300
914301
914302
914303
914304
914305
914306
914307
914308
914309
914310
914311
914312
914313
914314
914315
914316
914317
914318
914319
914320
914321
914322
914323
914324
914325
914326
914327
914328
914329
914330
914331
914332
914334
914335
914336
914337
914338
914339
914340
914341
914342
914343
914344
914345
914346
914347
914348
914349
914350
914351
914352
914353
914354
914355
914356
914357
914358
914359
914360
914361
914362
914363
914364
914365
914366
914367
914368
914369
914370
914371
914372
914373
914374
914375
914376
914377
914378
914379
914380
914381
914382
914383
914384
914385
914386
914387
914388
914389
914390
914391
914392
914393
914394
914395
914396
914397
914398
914399
914400
914401
914402
914403
914404
914405
914406
914407
914408
914409
914410
914411
914412
914413
914414
914415
914416
914417
914418
914419
914420
914421
914422
914423
914424
914425
914426
914427
914428
914429
914430
914431
914432
914433
914434
914435
914436
914437
914438
914439
914450
914451
914452
914453
914454
914455
914456
914457
914458
914459
914460
914461
914462
914463
914464
914465
914466
914467
914468
914469
914470
914471
914472
914473
914474
914475
914476
914477
914478
914479
914480
914481
914482
914483
914484
914485
914486
914487
914488
914489
914490
914491
914492
914493
914494
914495
914496
914497
914498
914499
914500
914501
914502
914503
914504
914505
914506
914507
914508
914509
914510
914511
914512
914513
914514
914515
914516
914517
914518
914519
914520
914521
914522
914523
914524
914525
914526
914527
914528
914529
914530
914531
914532
914533
914534
914535
914536
914537
914538
914539
914540
914541
914542
914543
914544
914545
914546
914547
914548
914549
914550
914551
914552
914553
914554
914556
914557
914558
914559
914560
914561
914562
914563
914564
914565
914566
914567
914568
914569
914570
914571
914572
914573
914574
914575
914576
914577
914578
914579
914580
914581
914582
914583
914584
914585
914586
914587
914588
914589
914590
914591
914592
914593
914594
914595
914596
914597
914598
914599
914600
914601
914602
914603
914604
914605
914606
914607
914608
914609
914610
914611
914612
914613
914614
914615
914616
914617
914618
914619
914620
914621
914622
914623
914624
914625
914626
914627
914628
914629
914630
914631
914632
914633
914634
914635
914636
914637
914638
914639
914640
914641
914642
914643
914644
914645
914646
914647
914648
914649
914650
914651
914652
914653
914654
914655
914656
914657
914658
914659
914660
914661
914662
914663
914664
914665
914667
914668
914669
914670
914671
914672
914673
914674
914675
914676
914677
914678
914679
914680
914681
914682
914683
914684
914685
914686
914687
914688
914689
914690
914691
914692
914693
914694
914695
914696
914697
914698
914699
914700
914701
914702
914703
914704
914705
914706
914707
914708
914709
914710
914711
914712
914713
914714
914715
914716
914717
914718
914719
914720
914721
914722
914723
914724
914725
914726
914727
914728
914729
914730
914731
914732
914733
914734
914735
914736
914737
914738
914739
914740
914741
914742
914743
914744
914745
914746
914747
914748
914749
914750
914751
914752
914753
914754
914755
914756
914757
914758
914759
914760
914761
914762
914763
914764
914765
914766
914767
914768
914769
914770
914771
914772
914773
914774
914775
914776
914778
914779
914780
914781
914782
914783
914784
914785
914786
914787
914788
914789
914790
914791
914792
914793
914794
914795
914796
914797
914798
914799
914800
914801
914802
914803
914804
914805
914806
914807
914808
914809
914810
914811
914812
914813
914814
914815
914816
914817
914818
914819
914820
914821
914822
914823
914824
914825
914826
914827
914828
914829
914830
914831
914832
914833
914834
914835
914836
914837
914838
914839
914840
914841
914842
914843
914844
914845
914846
914847
914848
914849
914850
914851
914852
914853
914854
914855
914856
914857
914858
914859
914860
914861
914862
914863
914864
914865
914866
914867
914868
914869
914870
914871
914872
914873
914874
914875
914876
914877
914878
914879
914880
914881
914882
914883
914884
914885
914886
914887
914889
914890
914891
914892
914893
914894
914895
914896
914897
914898
914899
914900
914901
914902
914903
914904
914905
914906
914907
914908
914909
914910
914911
914912
914913
914914
914915
914916
914917
914918
914919
914920
914921
914922
914923
914924
914925
914926
914927
914928
914929
914930
914931
914932
914933
914934
914935
