953663
953664
953665
953667
953668
953669
953670
953671
953672
953673
953674
953675
953676
953677
953678
953679
953680
953681
953682
953683
953684
953685
953686
953687
953688
953689
953690
953691
953692
953693
953694
953695
953696
953697
953698
953699
953700
953701
953702
953703
953704
953705
953706
953707
953708
953709
953710
953711
953712
953713
953714
953715
953716
953717
953718
953719
953720
953721
953722
953723
953724
953725
953726
953727
953728
953729
953730
953731
953732
953733
953734
953735
953736
953737
953738
953739
953740
953741
953742
953743
953744
953745
953746
953747
953748
953749
953750
953751
953752
953753
953754
953755
953756
953757
953758
953759
953760
953761
953762
953763
953764
953765
953766
953767
953768
953769
953770
953771
953772
953773
953774
953775
953776
953778
953779
953780
953781
953782
953783
953784
953785
953786
953787
953788
953789
953790
953791
953792
953793
953794
953795
953796
953797
953798
953799
953800
953801
953802
953803
953804
953805
953806
953807
953808
953809
953810
953811
953812
953813
953814
953815
953816
953817
953818
953819
953820
953821
953822
953823
953824
953825
953826
953827
953828
953829
953830
953831
953832
953833
953834
953835
953836
953837
953838
953839
953840
953841
953842
953843
953844
953845
953846
953847
953848
953849
953850
953851
953852
953853
953854
953855
953856
953857
953858
953859
953860
953861
953862
953863
953864
953865
953866
953867
953868
953869
953870
953871
953872
953873
953874
953875
953876
953877
953878
953879
953880
953881
953882
953883
953884
953885
953886
953887
953889
953890
953891
953892
953893
953894
953895
953896
953897
953898
953899
953900
953901
953902
953903
953904
953905
953906
953907
953908
953909
953910
953911
953912
953913
953914
953915
953916
953917
953918
953919
953920
953921
953922
953923
953924
953925
953926
953927
953928
953929
953930
953931
953932
953933
953934
953935
953936
953937
953938
953939
953940
953941
953942
953943
953944
953945
953946
953947
953948
953949
953950
953951
953952
953953
953954
953955
953956
953957
953958
953959
953960
953961
953962
953963
953964
953965
953966
953967
953968
953969
953970
953971
953972
953973
953974
953975
953976
953977
953978
953979
953980
953981
953982
953983
953984
953985
953986
953987
953988
953989
953990
953991
953992
953993
953994
953995
953996
953997
953998
954001
954002
954003
954004
954005
954006
954007
954008
954009
954010
954011
954012
954013
954014
954015
954016
954017
954018
954019
954020
954021
954022
954023
954024
954025
954026
954027
954028
954029
954030
954031
954032
954033
954034
954035
954036
954037
954038
954039
954040
954041
954042
954043
954044
954045
954046
954047
954048
954049
954050
954051
954052
954053
954054
954055
954056
954057
954058
954059
954060
954061
954062
954063
954064
954065
954066
954067
954068
954069
954070
954071
954072
954073
954074
954075
954076
954077
954078
954079
954080
954081
954082
954083
954084
954085
954086
954087
954088
954089
954090
954091
954092
954093
954094
954095
954096
954097
954098
954099
954100
954101
954102
954103
954104
954105
954106
954107
954108
954109
954110
954112
954113
954114
954115
954116
954117
954118
954119
954120
954121
954122
954123
954124
954125
954126
954127
954128
954129
954130
954131
954132
954133
954134
954135
954136
954137
954138
954139
954140
954141
954142
954143
954144
954145
954146
954147
954148
954149
954150
954151
954152
954153
954154
954155
954156
954157
954158
954159
954160
954161
954162
954163
954164
954165
954166
954167
954168
954169
954170
954171
954172
954173
954174
954175
954176
954177
954178
954179
954180
954181
954182
954183
954184
954185
954186
954187
954188
954189
954190
954191
954192
954193
954194
954195
954196
954197
954198
954199
954200
954201
954202
954203
954204
954205
954206
954207
954208
954209
954210
954211
954212
954213
954214
954215
954216
954217
954218
954219
954220
954221
954223
954224
954225
954226
954227
954228
954229
954230
954231
954232
954233
954234
954235
954236
954237
954238
954239
954240
954241
954242
954243
954244
954245
954246
954247
954248
954249
954250
954251
954252
954253
954254
954255
954256
954257
954258
954259
954260
954261
954262
954263
954264
954265
954266
954267
954268
954269
954270
954271
954272
954273
954274
954275
954276
954277
954278
954279
954280
954281
954282
954283
954284
954285
954286
954287
954288
954289
954290
954291
954292
954293
954294
954295
954296
954297
954298
954299
954300
954301
954302
954303
954304
954305
954306
954307
954308
954309
954310
954311
954312
954313
954314
954315
954316
954317
954318
954319
954320
954321
954322
954323
954324
954325
954326
954327
954328
954329
954330
954331
954332
954334
954335
954336
954337
954338
954339
954340
954341
954342
954343
954344
954345
954346
954347
954348
954349
954350
954351
954352
954353
954354
954355
954356
954357
954358
954359
954360
954361
954362
954363
954364
954365
954366
954367
954368
954369
954370
954371
954372
954373
954374
954375
954376
954377
954378
954379
954380
954381
954382
954383
954384
954385
954386
954387
954388
954389
954390
954391
954392
954393
954394
954395
954396
954397
954398
954399
954400
954401
954402
954403
954404
954405
954406
954407
954408
954409
954410
954411
954412
954413
954414
954415
954416
954417
954418
954419
954420
954421
954422
954423
954424
954425
954426
954427
954428
954429
954430
954431
954432
954433
954434
954435
954436
954437
954438
954439
954450
954451
954452
954453
954454
954455
954456
954457
954458
954459
954460
954461
954462
954463
954464
954465
954466
954467
954468
954469
954470
954471
954472
954473
954474
954475
954476
954477
954478
954479
954480
954481
954482
954483
954484
954485
954486
954487
954488
954489
954490
954491
954492
954493
954494
954495
954496
954497
954498
954499
954500
954501
954502
954503
954504
954505
954506
954507
954508
954509
954510
954511
954512
954513
954514
954515
954516
954517
954518
954519
954520
954521
954522
954523
954524
954525
954526
954527
954528
954529
954530
954531
954532
954533
954534
954535
954536
954537
954538
954539
954540
954541
954542
954543
954544
954545
954546
954547
954548
954549
954550
954551
954552
954553
954554
954556
954557
954558
954559
954560
954561
954562
954563
954564
954565
954566
954567
954568
954569
954570
954571
954572
954573
954574
954575
954576
954577
954578
954579
954580
954581
954582
954583
954584
954585
954586
954587
954588
954589
954590
954591
954592
954593
954594
954595
954596
954597
954598
954599
954600
954601
954602
954603
954604
954605
954606
954607
954608
954609
954610
954611
954612
954613
954614
954615
954616
954617
954618
954619
954620
954621
954622
954623
954624
954625
954626
954627
954628
954629
954630
954631
954632
954633
954634
954635
954636
954637
954638
954639
954640
954641
954642
954643
954644
954645
954646
954647
954648
954649
954650
954651
954652
954653
954654
954655
954656
954657
954658
954659
954660
954661
954662
954663
954664
954665
954667
954668
954669
954670
954671
954672
954673
954674
954675
954676
954677
954678
954679
954680
954681
954682
954683
954684
954685
954686
954687
954688
954689
954690
954691
954692
954693
954694
954695
954696
954697
954698
954699
954700
954701
954702
954703
954704
954705
954706
954707
954708
954709
954710
954711
954712
954713
954714
954715
954716
954717
954718
954719
954720
954721
954722
954723
954724
954725
954726
954727
954728
954729
954730
954731
954732
954733
954734
954735
954736
954737
954738
954739
954740
954741
954742
954743
954744
954745
954746
954747
954748
954749
954750
954751
954752
954753
954754
954755
954756
954757
954758
954759
954760
954761
954762
954763
954764
954765
954766
954767
954768
954769
954770
954771
954772
954773
954774
954775
954776
954778
954779
954780
954781
954782
954783
954784
954785
954786
954787
954788
954789
954790
954791
954792
954793
954794
954795
954796
954797
954798
954799
954800
954801
954802
954803
954804
954805
954806
954807
954808
954809
954810
954811
954812
954813
954814
954815
954816
954817
954818
954819
954820
954821
954822
954823
954824
954825
954826
