914936
914937
914938
914939
914940
914941
914942
914943
914944
914945
914946
914947
914948
914949
914950
914951
914952
914953
914954
914955
914956
914957
914958
914959
914960
914961
914962
914963
914964
914965
914966
914967
914968
914969
914970
914971
914972
914973
914974
914975
914976
914977
914978
914979
914980
914981
914982
914983
914984
914985
914986
914987
914988
914989
914990
914991
914992
914993
914994
914995
914996
914997
914998
915001
915002
915003
915004
915005
915006
915007
915008
915009
915010
915011
915012
915013
915014
915015
915016
915017
915018
915019
915020
915021
915022
915023
915024
915025
915026
915027
915028
915029
915030
915031
915032
915033
915034
915035
915036
915037
915038
915039
915040
915041
915042
915043
915044
915045
915046
915047
915048
915049
915050
915051
915052
915053
915054
915055
915056
915057
915058
915059
915060
915061
915062
915063
915064
915065
915066
915067
915068
915069
915070
915071
915072
915073
915074
915075
915076
915077
915078
915079
915080
915081
915082
915083
915084
915085
915086
915087
915088
915089
915090
915091
915092
915093
915094
915095
915096
915097
915098
915099
915100
915101
915102
915103
915104
915105
915106
915107
915108
915109
915110
915112
915113
915114
915115
915116
915117
915118
915119
915120
915121
915122
915123
915124
915125
915126
915127
915128
915129
915130
915131
915132
915133
915134
915135
915136
915137
915138
915139
915140
915141
915142
915143
915144
915145
915146
915147
915148
915149
915150
915151
915152
915153
915154
915155
915156
915157
915158
915159
915160
915161
915162
915163
915164
915165
915166
915167
915168
915169
915170
915171
915172
915173
915174
915175
915176
915177
915178
915179
915180
915181
915182
915183
915184
915185
915186
915187
915188
915189
915190
915191
915192
915193
915194
915195
915196
915197
915198
915199
915200
915201
915202
915203
915204
915205
915206
915207
915208
915209
915210
915211
915212
915213
915214
915215
915216
915217
915218
915219
915220
915221
915223
915224
915225
915226
915227
915228
915229
915230
915231
915232
915233
915234
915235
915236
915237
915238
915239
915240
915241
915242
915243
915244
915245
915246
915247
915248
915249
915250
915251
915252
915253
915254
915255
915256
915257
915258
915259
915260
915261
915262
915263
915264
915265
915266
915267
915268
915269
915270
915271
915272
915273
915274
915275
915276
915277
915278
915279
915280
915281
915282
915283
915284
915285
915286
915287
915288
915289
915290
915291
915292
915293
915294
915295
915296
915297
915298
915299
915300
915301
915302
915303
915304
915305
915306
915307
915308
915309
915310
915311
915312
915313
915314
915315
915316
915317
915318
915319
915320
915321
915322
915323
915324
915325
915326
915327
915328
915329
915330
915331
915332
915334
915335
915336
915337
915338
915339
915340
915341
915342
915343
915344
915345
915346
915347
915348
915349
915350
915351
915352
915353
915354
915355
915356
915357
915358
915359
915360
915361
915362
915363
915364
915365
915366
915367
915368
915369
915370
915371
915372
915373
915374
915375
915376
915377
915378
915379
915380
915381
915382
915383
915384
915385
915386
915387
915388
915389
915390
915391
915392
915393
915394
915395
915396
915397
915398
915399
915400
915401
915402
915403
915404
915405
915406
915407
915408
915409
915410
915411
915412
915413
915414
915415
915416
915417
915418
915419
915420
915421
915422
915423
915424
915425
915426
915427
915428
915429
915430
915431
915432
915433
915434
915435
915436
915437
915438
915439
915440
915441
915442
915443
915445
915446
915447
915448
915449
915450
915451
915452
915453
915454
915455
915456
915457
915458
915459
915460
915461
915462
915463
915464
915465
915466
915467
915468
915469
915470
915471
915472
915473
915474
915475
915476
915477
915478
915479
915480
915481
915482
915483
915484
915485
915486
915487
915488
915489
915490
915491
915492
915493
915494
915495
915496
915497
915498
915499
915500
915501
915502
915503
915504
915505
915506
915507
915508
915509
915510
915511
915512
915513
915514
915515
915516
915517
915518
915519
915520
915521
915522
915523
915524
915525
915526
915527
915528
915529
915530
915531
915532
915533
915534
915535
915536
915537
915538
915539
915540
915541
915542
915543
915544
915545
915546
915547
915548
915549
915560
915561
915562
915563
915564
915565
915566
915567
915568
915569
915570
915571
915572
915573
915574
915575
915576
915577
915578
915579
915580
915581
915582
915583
915584
915585
915586
915587
915588
915589
915590
915591
915592
915593
915594
915595
915596
915597
915598
915599
915600
915601
915602
915603
915604
915605
915606
915607
915608
915609
915610
915611
915612
915613
915614
915615
915616
915617
915618
915619
915620
915621
915622
915623
915624
915625
915626
915627
915628
915629
915630
915631
915632
915633
915634
915635
915636
915637
915638
915639
915640
915641
915642
915643
915644
915645
915646
915647
915648
915649
915650
915651
915652
915653
915654
915655
915656
915657
915658
915659
915660
915661
915662
915663
915664
915665
915667
915668
915669
915670
915671
915672
915673
915674
915675
915676
915677
915678
915679
915680
915681
915682
915683
915684
915685
915686
915687
915688
915689
915690
915691
915692
915693
915694
915695
915696
915697
915698
915699
915700
915701
915702
915703
915704
915705
915706
915707
915708
915709
915710
915711
915712
915713
915714
915715
915716
915717
915718
915719
915720
915721
915722
915723
915724
915725
915726
915727
915728
915729
915730
915731
915732
915733
915734
915735
915736
915737
915738
915739
915740
915741
915742
915743
915744
915745
915746
915747
915748
915749
915750
915751
915752
915753
915754
915755
915756
915757
915758
915759
915760
915761
915762
915763
915764
915765
915766
915767
915768
915769
915770
915771
915772
915773
915774
915775
915776
915778
915779
915780
915781
915782
915783
915784
915785
915786
915787
915788
915789
915790
915791
915792
915793
915794
915795
915796
915797
915798
915799
915800
915801
915802
915803
915804
915805
915806
915807
915808
915809
915810
915811
915812
915813
915814
915815
915816
915817
915818
915819
915820
915821
915822
915823
915824
915825
915826
915827
915828
915829
915830
915831
915832
915833
915834
915835
915836
915837
915838
915839
915840
915841
915842
915843
915844
915845
915846
915847
915848
915849
915850
915851
915852
915853
915854
915855
915856
915857
915858
915859
915860
915861
915862
915863
915864
915865
915866
915867
915868
915869
915870
915871
915872
915873
915874
915875
915876
915877
915878
915879
915880
915881
915882
915883
915884
915885
915886
915887
915889
915890
915891
915892
915893
915894
915895
915896
915897
915898
915899
915900
915901
915902
915903
915904
915905
915906
915907
915908
915909
915910
915911
915912
915913
915914
915915
915916
915917
915918
915919
915920
915921
915922
915923
915924
915925
915926
915927
915928
915929
915930
915931
915932
915933
915934
915935
915936
915937
915938
915939
915940
915941
915942
915943
915944
915945
915946
915947
915948
915949
915950
915951
915952
915953
915954
915955
915956
915957
915958
915959
915960
915961
915962
915963
915964
915965
915966
915967
915968
915969
915970
915971
915972
915973
915974
915975
915976
915977
915978
915979
915980
915981
915982
915983
915984
915985
915986
915987
915988
915989
915990
915991
915992
915993
915994
915995
915996
915997
915998
916001
916002
916003
916004
916005
916006
916007
916008
916009
916010
916011
916012
916013
916014
916015
916016
916017
916018
916019
916020
916021
916022
916023
916024
916025
916026
916027
916028
916029
916030
916031
916032
916033
916034
916035
916036
916037
916038
916039
916040
916041
916042
916043
916044
916045
916046
916047
916048
916049
916050
916051
916052
916053
916054
916055
916056
916057
916058
916059
916060
916061
916062
916063
916064
916065
916066
916067
916068
916069
916070
916071
916072
916073
916074
916075
916076
916077
916078
916079
916080
916081
916082
916083
916084
916085
916086
916087
916088
916089
916090
916091
916092
916093
916094
916095
916096
916097
916098
916099
