916100
916101
916102
916103
916104
916105
916106
916107
916108
916109
916110
916112
916113
916114
916115
916116
916117
916118
916119
916120
916121
916122
916123
916124
916125
916126
916127
916128
916129
916130
916131
916132
916133
916134
916135
916136
916137
916138
916139
916140
916141
916142
916143
916144
916145
916146
916147
916148
916149
916150
916151
916152
916153
916154
916155
916156
916157
916158
916159
916160
916161
916162
916163
916164
916165
916166
916167
916168
916169
916170
916171
916172
916173
916174
916175
916176
916177
916178
916179
916180
916181
916182
916183
916184
916185
916186
916187
916188
916189
916190
916191
916192
916193
916194
916195
916196
916197
916198
916199
916200
916201
916202
916203
916204
916205
916206
916207
916208
916209
916210
916211
916212
916213
916214
916215
916216
916217
916218
916219
916220
916221
916223
916224
916225
916226
916227
916228
916229
916230
916231
916232
916233
916234
916235
916236
916237
916238
916239
916240
916241
916242
916243
916244
916245
916246
916247
916248
916249
916250
916251
916252
916253
916254
916255
916256
916257
916258
916259
916260
916261
916262
916263
916264
916265
916266
916267
916268
916269
916270
916271
916272
916273
916274
916275
916276
916277
916278
916279
916280
916281
916282
916283
916284
916285
916286
916287
916288
916289
916290
916291
916292
916293
916294
916295
916296
916297
916298
916299
916300
916301
916302
916303
916304
916305
916306
916307
916308
916309
916310
916311
916312
916313
916314
916315
916316
916317
916318
916319
916320
916321
916322
916323
916324
916325
916326
916327
916328
916329
916330
916331
916332
916334
916335
916336
916337
916338
916339
916340
916341
916342
916343
916344
916345
916346
916347
916348
916349
916350
916351
916352
916353
916354
916355
916356
916357
916358
916359
916360
916361
916362
916363
916364
916365
916366
916367
916368
916369
916370
916371
916372
916373
916374
916375
916376
916377
916378
916379
916380
916381
916382
916383
916384
916385
916386
916387
916388
916389
916390
916391
916392
916393
916394
916395
916396
916397
916398
916399
916400
916401
916402
916403
916404
916405
916406
916407
916408
916409
916410
916411
916412
916413
916414
916415
916416
916417
916418
916419
916420
916421
916422
916423
916424
916425
916426
916427
916428
916429
916430
916431
916432
916433
916434
916435
916436
916437
916438
916439
916440
916441
916442
916443
916445
916446
916447
916448
916449
916450
916451
916452
916453
916454
916455
916456
916457
916458
916459
916460
916461
916462
916463
916464
916465
916466
916467
916468
916469
916470
916471
916472
916473
916474
916475
916476
916477
916478
916479
916480
916481
916482
916483
916484
916485
916486
916487
916488
916489
916490
916491
916492
916493
916494
916495
916496
916497
916498
916499
916500
916501
916502
916503
916504
916505
916506
916507
916508
916509
916510
916511
916512
916513
916514
916515
916516
916517
916518
916519
916520
916521
916522
916523
916524
916525
916526
916527
916528
916529
916530
916531
916532
916533
916534
916535
916536
916537
916538
916539
916540
916541
916542
916543
916544
916545
916546
916547
916548
916549
916550
916551
916552
916553
916554
916556
916557
916558
916559
916560
916561
916562
916563
916564
916565
916566
916567
916568
916569
916570
916571
916572
916573
916574
916575
916576
916577
916578
916579
916580
916581
916582
916583
916584
916585
916586
916587
916588
916589
916590
916591
916592
916593
916594
916595
916596
916597
916598
916599
916600
916601
916602
916603
916604
916605
916606
916607
916608
916609
916610
916611
916612
916613
916614
916615
916616
916617
916618
916619
916620
916621
916622
916623
916624
916625
916626
916627
916628
916629
916630
916631
916632
916633
916634
916635
916636
916637
916638
916639
916640
916641
916642
916643
916644
916645
916646
916647
916648
916649
916650
916651
916652
916653
916654
916655
916656
916657
916658
916659
916670
916671
916672
916673
916674
916675
916676
916677
916678
916679
916680
916681
916682
916683
916684
916685
916686
916687
916688
916689
916690
916691
916692
916693
916694
916695
916696
916697
916698
916699
916700
916701
916702
916703
916704
916705
916706
916707
916708
916709
916710
916711
916712
916713
916714
916715
916716
916717
916718
916719
916720
916721
916722
916723
916724
916725
916726
916727
916728
916729
916730
916731
916732
916733
916734
916735
916736
916737
916738
916739
916740
916741
916742
916743
916744
916745
916746
916747
916748
916749
916750
916751
916752
916753
916754
916755
916756
916757
916758
916759
916760
916761
916762
916763
916764
916765
916766
916767
916768
916769
916770
916771
916772
916773
916774
916775
916776
916778
916779
916780
916781
916782
916783
916784
916785
916786
916787
916788
916789
916790
916791
916792
916793
916794
916795
916796
916797
916798
916799
916800
916801
916802
916803
916804
916805
916806
916807
916808
916809
916810
916811
916812
916813
916814
916815
916816
916817
916818
916819
916820
916821
916822
916823
916824
916825
916826
916827
916828
916829
916830
916831
916832
916833
916834
916835
916836
916837
916838
916839
916840
916841
916842
916843
916844
916845
916846
916847
916848
916849
916850
916851
916852
916853
916854
916855
916856
916857
916858
916859
916860
916861
916862
916863
916864
916865
916866
916867
916868
916869
916870
916871
916872
916873
916874
916875
916876
916877
916878
916879
916880
916881
916882
916883
916884
916885
916886
916887
916889
916890
916891
916892
916893
916894
916895
916896
916897
916898
916899
916900
916901
916902
916903
916904
916905
916906
916907
916908
916909
916910
916911
916912
916913
916914
916915
916916
916917
916918
916919
916920
916921
916922
916923
916924
916925
916926
916927
916928
916929
916930
916931
916932
916933
916934
916935
916936
916937
916938
916939
916940
916941
916942
916943
916944
916945
916946
916947
916948
916949
916950
916951
916952
916953
916954
916955
916956
916957
916958
916959
916960
916961
916962
916963
916964
916965
916966
916967
916968
916969
916970
916971
916972
916973
916974
916975
916976
916977
916978
916979
916980
916981
916982
916983
916984
916985
916986
916987
916988
916989
916990
916991
916992
916993
916994
916995
916996
916997
916998
917001
917002
917003
917004
917005
917006
917007
917008
917009
917010
917011
917012
917013
917014
917015
917016
917017
917018
917019
917020
917021
917022
917023
917024
917025
917026
917027
917028
917029
917030
917031
917032
917033
917034
917035
917036
917037
917038
917039
917040
917041
917042
917043
917044
917045
917046
917047
917048
917049
917050
917051
917052
917053
917054
917055
917056
917057
917058
917059
917060
917061
917062
917063
917064
917065
917066
917067
917068
917069
917070
917071
917072
917073
917074
917075
917076
917077
917078
917079
917080
917081
917082
917083
917084
917085
917086
917087
917088
917089
917090
917091
917092
917093
917094
917095
917096
917097
917098
917099
917100
917101
917102
917103
917104
917105
917106
917107
917108
917109
917110
917112
917113
917114
917115
917116
917117
917118
917119
917120
917121
917122
917123
917124
917125
917126
917127
917128
917129
917130
917131
917132
917133
917134
917135
917136
917137
917138
917139
917140
917141
917142
917143
917144
917145
917146
917147
917148
917149
917150
917151
917152
917153
917154
917155
917156
917157
917158
917159
917160
917161
917162
917163
917164
917165
917166
917167
917168
917169
917170
917171
917172
917173
917174
917175
917176
917177
917178
917179
917180
917181
917182
917183
917184
917185
917186
917187
917188
917189
917190
917191
917192
917193
917194
917195
917196
917197
917198
917199
917200
917201
917202
917203
917204
917205
917206
917207
917208
917209
917210
917211
917212
917213
917214
917215
917216
917217
917218
917219
917220
917221
917223
917224
917225
917226
917227
917228
917229
917230
917231
917232
917233
917234
917235
917236
917237
917238
917239
917240
917241
917242
917243
917244
917245
917246
917247
917248
917249
917250
917251
917252
917253
917254
917255
917256
917257
917258
917259
917260
917261
917262
917263
