917264
917265
917266
917267
917268
917269
917270
917271
917272
917273
917274
917275
917276
917277
917278
917279
917280
917281
917282
917283
917284
917285
917286
917287
917288
917289
917290
917291
917292
917293
917294
917295
917296
917297
917298
917299
917300
917301
917302
917303
917304
917305
917306
917307
917308
917309
917310
917311
917312
917313
917314
917315
917316
917317
917318
917319
917320
917321
917322
917323
917324
917325
917326
917327
917328
917329
917330
917331
917332
917334
917335
917336
917337
917338
917339
917340
917341
917342
917343
917344
917345
917346
917347
917348
917349
917350
917351
917352
917353
917354
917355
917356
917357
917358
917359
917360
917361
917362
917363
917364
917365
917366
917367
917368
917369
917370
917371
917372
917373
917374
917375
917376
917377
917378
917379
917380
917381
917382
917383
917384
917385
917386
917387
917388
917389
917390
917391
917392
917393
917394
917395
917396
917397
917398
917399
917400
917401
917402
917403
917404
917405
917406
917407
917408
917409
917410
917411
917412
917413
917414
917415
917416
917417
917418
917419
917420
917421
917422
917423
917424
917425
917426
917427
917428
917429
917430
917431
917432
917433
917434
917435
917436
917437
917438
917439
917440
917441
917442
917443
917445
917446
917447
917448
917449
917450
917451
917452
917453
917454
917455
917456
917457
917458
917459
917460
917461
917462
917463
917464
917465
917466
917467
917468
917469
917470
917471
917472
917473
917474
917475
917476
917477
917478
917479
917480
917481
917482
917483
917484
917485
917486
917487
917488
917489
917490
917491
917492
917493
917494
917495
917496
917497
917498
917499
917500
917501
917502
917503
917504
917505
917506
917507
917508
917509
917510
917511
917512
917513
917514
917515
917516
917517
917518
917519
917520
917521
917522
917523
917524
917525
917526
917527
917528
917529
917530
917531
917532
917533
917534
917535
917536
917537
917538
917539
917540
917541
917542
917543
917544
917545
917546
917547
917548
917549
917550
917551
917552
917553
917554
917556
917557
917558
917559
917560
917561
917562
917563
917564
917565
917566
917567
917568
917569
917570
917571
917572
917573
917574
917575
917576
917577
917578
917579
917580
917581
917582
917583
917584
917585
917586
917587
917588
917589
917590
917591
917592
917593
917594
917595
917596
917597
917598
917599
917600
917601
917602
917603
917604
917605
917606
917607
917608
917609
917610
917611
917612
917613
917614
917615
917616
917617
917618
917619
917620
917621
917622
917623
917624
917625
917626
917627
917628
917629
917630
917631
917632
917633
917634
917635
917636
917637
917638
917639
917640
917641
917642
917643
917644
917645
917646
917647
917648
917649
917650
917651
917652
917653
917654
917655
917656
917657
917658
917659
917660
917661
917662
917663
917664
917665
917667
917668
917669
917670
917671
917672
917673
917674
917675
917676
917677
917678
917679
917680
917681
917682
917683
917684
917685
917686
917687
917688
917689
917690
917691
917692
917693
917694
917695
917696
917697
917698
917699
917700
917701
917702
917703
917704
917705
917706
917707
917708
917709
917710
917711
917712
917713
917714
917715
917716
917717
917718
917719
917720
917721
917722
917723
917724
917725
917726
917727
917728
917729
917730
917731
917732
917733
917734
917735
917736
917737
917738
917739
917740
917741
917742
917743
917744
917745
917746
917747
917748
917749
917750
917751
917752
917753
917754
917755
917756
917757
917758
917759
917760
917761
917762
917763
917764
917765
917766
917767
917768
917769
917780
917781
917782
917783
917784
917785
917786
917787
917788
917789
917790
917791
917792
917793
917794
917795
917796
917797
917798
917799
917800
917801
917802
917803
917804
917805
917806
917807
917808
917809
917810
917811
917812
917813
917814
917815
917816
917817
917818
917819
917820
917821
917822
917823
917824
917825
917826
917827
917828
917829
917830
917831
917832
917833
917834
917835
917836
917837
917838
917839
917840
917841
917842
917843
917844
917845
917846
917847
917848
917849
917850
917851
917852
917853
917854
917855
917856
917857
917858
917859
917860
917861
917862
917863
917864
917865
917866
917867
917868
917869
917870
917871
917872
917873
917874
917875
917876
917877
917878
917879
917880
917881
917882
917883
917884
917885
917886
917887
917889
917890
917891
917892
917893
917894
917895
917896
917897
917898
917899
917900
917901
917902
917903
917904
917905
917906
917907
917908
917909
917910
917911
917912
917913
917914
917915
917916
917917
917918
917919
917920
917921
917922
917923
917924
917925
917926
917927
917928
917929
917930
917931
917932
917933
917934
917935
917936
917937
917938
917939
917940
917941
917942
917943
917944
917945
917946
917947
917948
917949
917950
917951
917952
917953
917954
917955
917956
917957
917958
917959
917960
917961
917962
917963
917964
917965
917966
917967
917968
917969
917970
917971
917972
917973
917974
917975
917976
917977
917978
917979
917980
917981
917982
917983
917984
917985
917986
917987
917988
917989
917990
917991
917992
917993
917994
917995
917996
917997
917998
918001
918002
918003
918004
918005
918006
918007
918008
918009
918010
918011
918012
918013
918014
918015
918016
918017
918018
918019
918020
918021
918022
918023
918024
918025
918026
918027
918028
918029
918030
918031
918032
918033
918034
918035
918036
918037
918038
918039
918040
918041
918042
918043
918044
918045
918046
918047
918048
918049
918050
918051
918052
918053
918054
918055
918056
918057
918058
918059
918060
918061
918062
918063
918064
918065
918066
918067
918068
918069
918070
918071
918072
918073
918074
918075
918076
918077
918078
918079
918080
918081
918082
918083
918084
918085
918086
918087
918088
918089
918090
918091
918092
918093
918094
918095
918096
918097
918098
918099
918100
918101
918102
918103
918104
918105
918106
918107
918108
918109
918110
918112
918113
918114
918115
918116
918117
918118
918119
918120
918121
918122
918123
918124
918125
918126
918127
918128
918129
918130
918131
918132
918133
918134
918135
918136
918137
918138
918139
918140
918141
918142
918143
918144
918145
918146
918147
918148
918149
918150
918151
918152
918153
918154
918155
918156
918157
918158
918159
918160
918161
918162
918163
918164
918165
918166
918167
918168
918169
918170
918171
918172
918173
918174
918175
918176
918177
918178
918179
918180
918181
918182
918183
918184
918185
918186
918187
918188
918189
918190
918191
918192
918193
918194
918195
918196
918197
918198
918199
918200
918201
918202
918203
918204
918205
918206
918207
918208
918209
918210
918211
918212
918213
918214
918215
918216
918217
918218
918219
918220
918221
918223
918224
918225
918226
918227
918228
918229
918230
918231
918232
918233
918234
918235
918236
918237
918238
918239
918240
918241
918242
918243
918244
918245
918246
918247
918248
918249
918250
918251
918252
918253
918254
918255
918256
918257
918258
918259
918260
918261
918262
918263
918264
918265
918266
918267
918268
918269
918270
918271
918272
918273
918274
918275
918276
918277
918278
918279
918280
918281
918282
918283
918284
918285
918286
918287
918288
918289
918290
918291
918292
918293
918294
918295
918296
918297
918298
918299
918300
918301
918302
918303
918304
918305
918306
918307
918308
918309
918310
918311
918312
918313
918314
918315
918316
918317
918318
918319
918320
918321
918322
918323
918324
918325
918326
918327
918328
918329
918330
918331
918332
918334
918335
918336
918337
918338
918339
918340
918341
918342
918343
918344
918345
918346
918347
918348
918349
918350
918351
918352
918353
918354
918355
918356
918357
918358
918359
918360
918361
918362
918363
918364
918365
918366
918367
918368
918369
918370
918371
918372
918373
918374
918375
918376
918377
918378
918379
918380
918381
918382
918383
918384
918385
918386
918387
918388
918389
918390
918391
918392
918393
918394
918395
918396
918397
918398
918399
918400
918401
918402
918403
918404
918405
918406
918407
918408
918409
918410
918411
918412
918413
918414
918415
918416
918417
918418
918419
918420
918421
918422
918423
918424
918425
918426
