918427
918428
918429
918430
918431
918432
918433
918434
918435
918436
918437
918438
918439
918440
918441
918442
918443
918445
918446
918447
918448
918449
918450
918451
918452
918453
918454
918455
918456
918457
918458
918459
918460
918461
918462
918463
918464
918465
918466
918467
918468
918469
918470
918471
918472
918473
918474
918475
918476
918477
918478
918479
918480
918481
918482
918483
918484
918485
918486
918487
918488
918489
918490
918491
918492
918493
918494
918495
918496
918497
918498
918499
918500
918501
918502
918503
918504
918505
918506
918507
918508
918509
918510
918511
918512
918513
918514
918515
918516
918517
918518
918519
918520
918521
918522
918523
918524
918525
918526
918527
918528
918529
918530
918531
918532
918533
918534
918535
918536
918537
918538
918539
918540
918541
918542
918543
918544
918545
918546
918547
918548
918549
918550
918551
918552
918553
918554
918556
918557
918558
918559
918560
918561
918562
918563
918564
918565
918566
918567
918568
918569
918570
918571
918572
918573
918574
918575
918576
918577
918578
918579
918580
918581
918582
918583
918584
918585
918586
918587
918588
918589
918590
918591
918592
918593
918594
918595
918596
918597
918598
918599
918600
918601
918602
918603
918604
918605
918606
918607
918608
918609
918610
918611
918612
918613
918614
918615
918616
918617
918618
918619
918620
918621
918622
918623
918624
918625
918626
918627
918628
918629
918630
918631
918632
918633
918634
918635
918636
918637
918638
918639
918640
918641
918642
918643
918644
918645
918646
918647
918648
918649
918650
918651
918652
918653
918654
918655
918656
918657
918658
918659
918660
918661
918662
918663
918664
918665
918667
918668
918669
918670
918671
918672
918673
918674
918675
918676
918677
918678
918679
918680
918681
918682
918683
918684
918685
918686
918687
918688
918689
918690
918691
918692
918693
918694
918695
918696
918697
918698
918699
918700
918701
918702
918703
918704
918705
918706
918707
918708
918709
918710
918711
918712
918713
918714
918715
918716
918717
918718
918719
918720
918721
918722
918723
918724
918725
918726
918727
918728
918729
918730
918731
918732
918733
918734
918735
918736
918737
918738
918739
918740
918741
918742
918743
918744
918745
918746
918747
918748
918749
918750
918751
918752
918753
918754
918755
918756
918757
918758
918759
918760
918761
918762
918763
918764
918765
918766
918767
918768
918769
918770
918771
918772
918773
918774
918775
918776
918778
918779
918780
918781
918782
918783
918784
918785
918786
918787
918788
918789
918790
918791
918792
918793
918794
918795
918796
918797
918798
918799
918800
918801
918802
918803
918804
918805
918806
918807
918808
918809
918810
918811
918812
918813
918814
918815
918816
918817
918818
918819
918820
918821
918822
918823
918824
918825
918826
918827
918828
918829
918830
918831
918832
918833
918834
918835
918836
918837
918838
918839
918840
918841
918842
918843
918844
918845
918846
918847
918848
918849
918850
918851
918852
918853
918854
918855
918856
918857
918858
918859
918860
918861
918862
918863
918864
918865
918866
918867
918868
918869
918870
918871
918872
918873
918874
918875
918876
918877
918878
918879
918890
918891
918892
918893
918894
918895
918896
918897
918898
918899
918900
918901
918902
918903
918904
918905
918906
918907
918908
918909
918910
918911
918912
918913
918914
918915
918916
918917
918918
918919
918920
918921
918922
918923
918924
918925
918926
918927
918928
918929
918930
918931
918932
918933
918934
918935
918936
918937
918938
918939
918940
918941
918942
918943
918944
918945
918946
918947
918948
918949
918950
918951
918952
918953
918954
918955
918956
918957
918958
918959
918960
918961
918962
918963
918964
918965
918966
918967
918968
918969
918970
918971
918972
918973
918974
918975
918976
918977
918978
918979
918980
918981
918982
918983
918984
918985
918986
918987
918988
918989
918990
918991
918992
918993
918994
918995
918996
918997
918998
919001
919002
919003
919004
919005
919006
919007
919008
919009
919010
919011
919012
919013
919014
919015
919016
919017
919018
919019
919020
919021
919022
919023
919024
919025
919026
919027
919028
919029
919030
919031
919032
919033
919034
919035
919036
919037
919038
919039
919040
919041
919042
919043
919044
919045
919046
919047
919048
919049
919050
919051
919052
919053
919054
919055
919056
919057
919058
919059
919060
919061
919062
919063
919064
919065
919066
919067
919068
919069
919070
919071
919072
919073
919074
919075
919076
919077
919078
919079
919080
919081
919082
919083
919084
919085
919086
919087
919088
919089
919090
919091
919092
919093
919094
919095
919096
919097
919098
919099
919100
919101
919102
919103
919104
919105
919106
919107
919108
919109
919110
919112
919113
919114
919115
919116
919117
919118
919119
919120
919121
919122
919123
919124
919125
919126
919127
919128
919129
919130
919131
919132
919133
919134
919135
919136
919137
919138
919139
919140
919141
919142
919143
919144
919145
919146
919147
919148
919149
919150
919151
919152
919153
919154
919155
919156
919157
919158
919159
919160
919161
919162
919163
919164
919165
919166
919167
919168
919169
919170
919171
919172
919173
919174
919175
919176
919177
919178
919179
919180
919181
919182
919183
919184
919185
919186
919187
919188
919189
919190
919191
919192
919193
919194
919195
919196
919197
919198
919199
919200
919201
919202
919203
919204
919205
919206
919207
919208
919209
919210
919211
919212
919213
919214
919215
919216
919217
919218
919219
919220
919221
919223
919224
919225
919226
919227
919228
919229
919230
919231
919232
919233
919234
919235
919236
919237
919238
919239
919240
919241
919242
919243
919244
919245
919246
919247
919248
919249
919250
919251
919252
919253
919254
919255
919256
919257
919258
919259
919260
919261
919262
919263
919264
919265
919266
919267
919268
919269
919270
919271
919272
919273
919274
919275
919276
919277
919278
919279
919280
919281
919282
919283
919284
919285
919286
919287
919288
919289
919290
919291
919292
919293
919294
919295
919296
919297
919298
919299
919300
919301
919302
919303
919304
919305
919306
919307
919308
919309
919310
919311
919312
919313
919314
919315
919316
919317
919318
919319
919320
919321
919322
919323
919324
919325
919326
919327
919328
919329
919330
919331
919332
919334
919335
919336
919337
919338
919339
919340
919341
919342
919343
919344
919345
919346
919347
919348
919349
919350
919351
919352
919353
919354
919355
919356
919357
919358
919359
919360
919361
919362
919363
919364
919365
919366
919367
919368
919369
919370
919371
919372
919373
919374
919375
919376
919377
919378
919379
919380
919381
919382
919383
919384
919385
919386
919387
919388
919389
919390
919391
919392
919393
919394
919395
919396
919397
919398
919399
919400
919401
919402
919403
919404
919405
919406
919407
919408
919409
919410
919411
919412
919413
919414
919415
919416
919417
919418
919419
919420
919421
919422
919423
919424
919425
919426
919427
919428
919429
919430
919431
919432
919433
919434
919435
919436
919437
919438
919439
919440
919441
919442
919443
919445
919446
919447
919448
919449
919450
919451
919452
919453
919454
919455
919456
919457
919458
919459
919460
919461
919462
919463
919464
919465
919466
919467
919468
919469
919470
919471
919472
919473
919474
919475
919476
919477
919478
919479
919480
919481
919482
919483
919484
919485
919486
919487
919488
919489
919490
919491
919492
919493
919494
919495
919496
919497
919498
919499
919500
919501
919502
919503
919504
919505
919506
919507
919508
919509
919510
919511
919512
919513
919514
919515
919516
919517
919518
919519
919520
919521
919522
919523
919524
919525
919526
919527
919528
919529
919530
919531
919532
919533
919534
919535
919536
919537
919538
919539
919540
919541
919542
919543
919544
919545
919546
919547
919548
919549
919550
919551
919552
919553
919554
919556
919557
919558
919559
919560
919561
919562
919563
919564
919565
919566
919567
919568
919569
919570
919571
919572
919573
919574
919575
919576
919577
919578
919579
919580
919581
919582
919583
919584
919585
919586
919587
919588
919589
919590
