919591
919592
919593
919594
919595
919596
919597
919598
919599
919600
919601
919602
919603
919604
919605
919606
919607
919608
919609
919610
919611
919612
919613
919614
919615
919616
919617
919618
919619
919620
919621
919622
919623
919624
919625
919626
919627
919628
919629
919630
919631
919632
919633
919634
919635
919636
919637
919638
919639
919640
919641
919642
919643
919644
919645
919646
919647
919648
919649
919650
919651
919652
919653
919654
919655
919656
919657
919658
919659
919660
919661
919662
919663
919664
919665
919667
919668
919669
919670
919671
919672
919673
919674
919675
919676
919677
919678
919679
919680
919681
919682
919683
919684
919685
919686
919687
919688
919689
919690
919691
919692
919693
919694
919695
919696
919697
919698
919699
919700
919701
919702
919703
919704
919705
919706
919707
919708
919709
919710
919711
919712
919713
919714
919715
919716
919717
919718
919719
919720
919721
919722
919723
919724
919725
919726
919727
919728
919729
919730
919731
919732
919733
919734
919735
919736
919737
919738
919739
919740
919741
919742
919743
919744
919745
919746
919747
919748
919749
919750
919751
919752
919753
919754
919755
919756
919757
919758
919759
919760
919761
919762
919763
919764
919765
919766
919767
919768
919769
919770
919771
919772
919773
919774
919775
919776
919778
919779
919780
919781
919782
919783
919784
919785
919786
919787
919788
919789
919790
919791
919792
919793
919794
919795
919796
919797
919798
919799
919800
919801
919802
919803
919804
919805
919806
919807
919808
919809
919810
919811
919812
919813
919814
919815
919816
919817
919818
919819
919820
919821
919822
919823
919824
919825
919826
919827
919828
919829
919830
919831
919832
919833
919834
919835
919836
919837
919838
919839
919840
919841
919842
919843
919844
919845
919846
919847
919848
919849
919850
919851
919852
919853
919854
919855
919856
919857
919858
919859
919860
919861
919862
919863
919864
919865
919866
919867
919868
919869
919870
919871
919872
919873
919874
919875
919876
919877
919878
919879
919880
919881
919882
919883
919884
919885
919886
919887
919889
919890
919891
919892
919893
919894
919895
919896
919897
919898
919899
919900
919901
919902
919903
919904
919905
919906
919907
919908
919909
919910
919911
919912
919913
919914
919915
919916
919917
919918
919919
919920
919921
919922
919923
919924
919925
919926
919927
919928
919929
919930
919931
919932
919933
919934
919935
919936
919937
919938
919939
919940
919941
919942
919943
919944
919945
919946
919947
919948
919949
919950
919951
919952
919953
919954
919955
919956
919957
919958
919959
919960
919961
919962
919963
919964
919965
919966
919967
919968
919969
919970
919971
919972
919973
919974
919975
919976
919977
919978
919979
919980
919981
919982
919983
919984
919985
919986
919987
919988
919989
920010
920011
920012
920013
920014
920015
920016
920017
920018
920019
920020
920021
920022
920023
920024
920025
920026
920027
920028
920029
920030
920031
920032
920033
920034
920035
920036
920037
920038
920039
920040
920041
920042
920043
920044
920045
920046
920047
920048
920049
920050
920051
920052
920053
920054
920055
920056
920057
920058
920059
920060
920061
920062
920063
920064
920065
920066
920067
920068
920069
920070
920071
920072
920073
920074
920075
920076
920077
920078
920079
920080
920081
920082
920083
920084
920085
920086
920087
920088
920089
920090
920091
920092
920093
920094
920095
920096
920097
920098
920099
920100
920101
920102
920103
920104
920105
920106
920107
920108
920109
920110
920112
920113
920114
920115
920116
920117
920118
920119
920120
920121
920122
920123
920124
920125
920126
920127
920128
920129
920130
920131
920132
920133
920134
920135
920136
920137
920138
920139
920140
920141
920142
920143
920144
920145
920146
920147
920148
920149
920150
920151
920152
920153
920154
920155
920156
920157
920158
920159
920160
920161
920162
920163
920164
920165
920166
920167
920168
920169
920170
920171
920172
920173
920174
920175
920176
920177
920178
920179
920180
920181
920182
920183
920184
920185
920186
920187
920188
920189
920190
920191
920192
920193
920194
920195
920196
920197
920198
920199
920200
920201
920202
920203
920204
920205
920206
920207
920208
920209
920210
920211
920212
920213
920214
920215
920216
920217
920218
920219
920220
920221
920223
920224
920225
920226
920227
920228
920229
920230
920231
920232
920233
920234
920235
920236
920237
920238
920239
920240
920241
920242
920243
920244
920245
920246
920247
920248
920249
920250
920251
920252
920253
920254
920255
920256
920257
920258
920259
920260
920261
920262
920263
920264
920265
920266
920267
920268
920269
920270
920271
920272
920273
920274
920275
920276
920277
920278
920279
920280
920281
920282
920283
920284
920285
920286
920287
920288
920289
920290
920291
920292
920293
920294
920295
920296
920297
920298
920299
920300
920301
920302
920303
920304
920305
920306
920307
920308
920309
920310
920311
920312
920313
920314
920315
920316
920317
920318
920319
920320
920321
920322
920323
920324
920325
920326
920327
920328
920329
920330
920331
920332
920334
920335
920336
920337
920338
920339
920340
920341
920342
920343
920344
920345
920346
920347
920348
920349
920350
920351
920352
920353
920354
920355
920356
920357
920358
920359
920360
920361
920362
920363
920364
920365
920366
920367
920368
920369
920370
920371
920372
920373
920374
920375
920376
920377
920378
920379
920380
920381
920382
920383
920384
920385
920386
920387
920388
920389
920390
920391
920392
920393
920394
920395
920396
920397
920398
920399
920400
920401
920402
920403
920404
920405
920406
920407
920408
920409
920410
920411
920412
920413
920414
920415
920416
920417
920418
920419
920420
920421
920422
920423
920424
920425
920426
920427
920428
920429
920430
920431
920432
920433
920434
920435
920436
920437
920438
920439
920440
920441
920442
920443
920445
920446
920447
920448
920449
920450
920451
920452
920453
920454
920455
920456
920457
920458
920459
920460
920461
920462
920463
920464
920465
920466
920467
920468
920469
920470
920471
920472
920473
920474
920475
920476
920477
920478
920479
920480
920481
920482
920483
920484
920485
920486
920487
920488
920489
920490
920491
920492
920493
920494
920495
920496
920497
920498
920499
920500
920501
920502
920503
920504
920505
920506
920507
920508
920509
920510
920511
920512
920513
920514
920515
920516
920517
920518
920519
920520
920521
920522
920523
920524
920525
920526
920527
920528
920529
920530
920531
920532
920533
920534
920535
920536
920537
920538
920539
920540
920541
920542
920543
920544
920545
920546
920547
920548
920549
920550
920551
920552
920553
920554
920556
920557
920558
920559
920560
920561
920562
920563
920564
920565
920566
920567
920568
920569
920570
920571
920572
920573
920574
920575
920576
920577
920578
920579
920580
920581
920582
920583
920584
920585
920586
920587
920588
920589
920590
920591
920592
920593
920594
920595
920596
920597
920598
920599
920600
920601
920602
920603
920604
920605
920606
920607
920608
920609
920610
920611
920612
920613
920614
920615
920616
920617
920618
920619
920620
920621
920622
920623
920624
920625
920626
920627
920628
920629
920630
920631
920632
920633
920634
920635
920636
920637
920638
920639
920640
920641
920642
920643
920644
920645
920646
920647
920648
920649
920650
920651
920652
920653
920654
920655
920656
920657
920658
920659
920660
920661
920662
920663
920664
920665
920667
920668
920669
920670
920671
920672
920673
920674
920675
920676
920677
920678
920679
920680
920681
920682
920683
920684
920685
920686
920687
920688
920689
920690
920691
920692
920693
920694
920695
920696
920697
920698
920699
920700
920701
920702
920703
920704
920705
920706
920707
920708
920709
920710
920711
920712
920713
920714
920715
920716
920717
920718
920719
920720
920721
920722
920723
920724
920725
920726
920727
920728
920729
920730
920731
920732
920733
920734
920735
920736
920737
920738
920739
920740
920741
920742
920743
920744
920745
920746
920747
920748
920749
920750
920751
920752
920753
920754
920755
920756
920757
920758
920759
920760
920761
920762
