920763
920764
920765
920766
920767
920768
920769
920770
920771
920772
920773
920774
920775
920776
920778
920779
920780
920781
920782
920783
920784
920785
920786
920787
920788
920789
920790
920791
920792
920793
920794
920795
920796
920797
920798
920799
920800
920801
920802
920803
920804
920805
920806
920807
920808
920809
920810
920811
920812
920813
920814
920815
920816
920817
920818
920819
920820
920821
920822
920823
920824
920825
920826
920827
920828
920829
920830
920831
920832
920833
920834
920835
920836
920837
920838
920839
920840
920841
920842
920843
920844
920845
920846
920847
920848
920849
920850
920851
920852
920853
920854
920855
920856
920857
920858
920859
920860
920861
920862
920863
920864
920865
920866
920867
920868
920869
920870
920871
920872
920873
920874
920875
920876
920877
920878
920879
920880
920881
920882
920883
920884
920885
920886
920887
920889
920890
920891
920892
920893
920894
920895
920896
920897
920898
920899
920900
920901
920902
920903
920904
920905
920906
920907
920908
920909
920910
920911
920912
920913
920914
920915
920916
920917
920918
920919
920920
920921
920922
920923
920924
920925
920926
920927
920928
920929
920930
920931
920932
920933
920934
920935
920936
920937
920938
920939
920940
920941
920942
920943
920944
920945
920946
920947
920948
920949
920950
920951
920952
920953
920954
920955
920956
920957
920958
920959
920960
920961
920962
920963
920964
920965
920966
920967
920968
920969
920970
920971
920972
920973
920974
920975
920976
920977
920978
920979
920980
920981
920982
920983
920984
920985
920986
920987
920988
920989
920990
920991
920992
920993
920994
920995
920996
920997
920998
921001
921002
921003
921004
921005
921006
921007
921008
921009
921010
921011
921012
921013
921014
921015
921016
921017
921018
921019
921020
921021
921022
921023
921024
921025
921026
921027
921028
921029
921030
921031
921032
921033
921034
921035
921036
921037
921038
921039
921040
921041
921042
921043
921044
921045
921046
921047
921048
921049
921050
921051
921052
921053
921054
921055
921056
921057
921058
921059
921060
921061
921062
921063
921064
921065
921066
921067
921068
921069
921070
921071
921072
921073
921074
921075
921076
921077
921078
921079
921080
921081
921082
921083
921084
921085
921086
921087
921088
921089
921090
921091
921092
921093
921094
921095
921096
921097
921098
921099
921100
921101
921102
921103
921104
921105
921106
921107
921108
921109
921120
921121
921122
921123
921124
921125
921126
921127
921128
921129
921130
921131
921132
921133
921134
921135
921136
921137
921138
921139
921140
921141
921142
921143
921144
921145
921146
921147
921148
921149
921150
921151
921152
921153
921154
921155
921156
921157
921158
921159
921160
921161
921162
921163
921164
921165
921166
921167
921168
921169
921170
921171
921172
921173
921174
921175
921176
921177
921178
921179
921180
921181
921182
921183
921184
921185
921186
921187
921188
921189
921190
921191
921192
921193
921194
921195
921196
921197
921198
921199
921200
921201
921202
921203
921204
921205
921206
921207
921208
921209
921210
921211
921212
921213
921214
921215
921216
921217
921218
921219
921220
921221
921223
921224
921225
921226
921227
921228
921229
921230
921231
921232
921233
921234
921235
921236
921237
921238
921239
921240
921241
921242
921243
921244
921245
921246
921247
921248
921249
921250
921251
921252
921253
921254
921255
921256
921257
921258
921259
921260
921261
921262
921263
921264
921265
921266
921267
921268
921269
921270
921271
921272
921273
921274
921275
921276
921277
921278
921279
921280
921281
921282
921283
921284
921285
921286
921287
921288
921289
921290
921291
921292
921293
921294
921295
921296
921297
921298
921299
921300
921301
921302
921303
921304
921305
921306
921307
921308
921309
921310
921311
921312
921313
921314
921315
921316
921317
921318
921319
921320
921321
921322
921323
921324
921325
921326
921327
921328
921329
921330
921331
921332
921334
921335
921336
921337
921338
921339
921340
921341
921342
921343
921344
921345
921346
921347
921348
921349
921350
921351
921352
921353
921354
921355
921356
921357
921358
921359
921360
921361
921362
921363
921364
921365
921366
921367
921368
921369
921370
921371
921372
921373
921374
921375
921376
921377
921378
921379
921380
921381
921382
921383
921384
921385
921386
921387
921388
921389
921390
921391
921392
921393
921394
921395
921396
921397
921398
921399
921400
921401
921402
921403
921404
921405
921406
921407
921408
921409
921410
921411
921412
921413
921414
921415
921416
921417
921418
921419
921420
921421
921422
921423
921424
921425
921426
921427
921428
921429
921430
921431
921432
921433
921434
921435
921436
921437
921438
921439
921440
921441
921442
921443
921445
921446
921447
921448
921449
921450
921451
921452
921453
921454
921455
921456
921457
921458
921459
921460
921461
921462
921463
921464
921465
921466
921467
921468
921469
921470
921471
921472
921473
921474
921475
921476
921477
921478
921479
921480
921481
921482
921483
921484
921485
921486
921487
921488
921489
921490
921491
921492
921493
921494
921495
921496
921497
921498
921499
921500
921501
921502
921503
921504
921505
921506
921507
921508
921509
921510
921511
921512
921513
921514
921515
921516
921517
921518
921519
921520
921521
921522
921523
921524
921525
921526
921527
921528
921529
921530
921531
921532
921533
921534
921535
921536
921537
921538
921539
921540
921541
921542
921543
921544
921545
921546
921547
921548
921549
921550
921551
921552
921553
921554
921556
921557
921558
921559
921560
921561
921562
921563
921564
921565
921566
921567
921568
921569
921570
921571
921572
921573
921574
921575
921576
921577
921578
921579
921580
921581
921582
921583
921584
921585
921586
921587
921588
921589
921590
921591
921592
921593
921594
921595
921596
921597
921598
921599
921600
921601
921602
921603
921604
921605
921606
921607
921608
921609
921610
921611
921612
921613
921614
921615
921616
921617
921618
921619
921620
921621
921622
921623
921624
921625
921626
921627
921628
921629
921630
921631
921632
921633
921634
921635
921636
921637
921638
921639
921640
921641
921642
921643
921644
921645
921646
921647
921648
921649
921650
921651
921652
921653
921654
921655
921656
921657
921658
921659
921660
921661
921662
921663
921664
921665
921667
921668
921669
921670
921671
921672
921673
921674
921675
921676
921677
921678
921679
921680
921681
921682
921683
921684
921685
921686
921687
921688
921689
921690
921691
921692
921693
921694
921695
921696
921697
921698
921699
921700
921701
921702
921703
921704
921705
921706
921707
921708
921709
921710
921711
921712
921713
921714
921715
921716
921717
921718
921719
921720
921721
921722
921723
921724
921725
921726
921727
921728
921729
921730
921731
921732
921733
921734
921735
921736
921737
921738
921739
921740
921741
921742
921743
921744
921745
921746
921747
921748
921749
921750
921751
921752
921753
921754
921755
921756
921757
921758
921759
921760
921761
921762
921763
921764
921765
921766
921767
921768
921769
921770
921771
921772
921773
921774
921775
921776
921778
921779
921780
921781
921782
921783
921784
921785
921786
921787
921788
921789
921790
921791
921792
921793
921794
921795
921796
921797
921798
921799
921800
921801
921802
921803
921804
921805
921806
921807
921808
921809
921810
921811
921812
921813
921814
921815
921816
921817
921818
921819
921820
921821
921822
921823
921824
921825
921826
921827
921828
921829
921830
921831
921832
921833
921834
921835
921836
921837
921838
921839
921840
921841
921842
921843
921844
921845
921846
921847
921848
921849
921850
921851
921852
921853
921854
921855
921856
921857
921858
921859
921860
921861
921862
921863
921864
921865
921866
921867
921868
921869
921870
921871
921872
921873
921874
921875
921876
921877
921878
921879
921880
921881
921882
921883
921884
921885
921886
921887
921889
921890
921891
921892
921893
921894
921895
921896
921897
921898
921899
921900
921901
921902
921903
921904
921905
921906
921907
921908
921909
921910
921911
921912
921913
921914
921915
921916
921917
921918
921919
921920
921921
921922
921923
921924
921925
921926
