921927
921928
921929
921930
921931
921932
921933
921934
921935
921936
921937
921938
921939
921940
921941
921942
921943
921944
921945
921946
921947
921948
921949
921950
921951
921952
921953
921954
921955
921956
921957
921958
921959
921960
921961
921962
921963
921964
921965
921966
921967
921968
921969
921970
921971
921972
921973
921974
921975
921976
921977
921978
921979
921980
921981
921982
921983
921984
921985
921986
921987
921988
921989
921990
921991
921992
921993
921994
921995
921996
921997
921998
922001
922002
922003
922004
922005
922006
922007
922008
922009
922010
922011
922012
922013
922014
922015
922016
922017
922018
922019
922020
922021
922022
922023
922024
922025
922026
922027
922028
922029
922030
922031
922032
922033
922034
922035
922036
922037
922038
922039
922040
922041
922042
922043
922044
922045
922046
922047
922048
922049
922050
922051
922052
922053
922054
922055
922056
922057
922058
922059
922060
922061
922062
922063
922064
922065
922066
922067
922068
922069
922070
922071
922072
922073
922074
922075
922076
922077
922078
922079
922080
922081
922082
922083
922084
922085
922086
922087
922088
922089
922090
922091
922092
922093
922094
922095
922096
922097
922098
922099
922100
922101
922102
922103
922104
922105
922106
922107
922108
922109
922110
922112
922113
922114
922115
922116
922117
922118
922119
922120
922121
922122
922123
922124
922125
922126
922127
922128
922129
922130
922131
922132
922133
922134
922135
922136
922137
922138
922139
922140
922141
922142
922143
922144
922145
922146
922147
922148
922149
922150
922151
922152
922153
922154
922155
922156
922157
922158
922159
922160
922161
922162
922163
922164
922165
922166
922167
922168
922169
922170
922171
922172
922173
922174
922175
922176
922177
922178
922179
922180
922181
922182
922183
922184
922185
922186
922187
922188
922189
922190
922191
922192
922193
922194
922195
922196
922197
922198
922199
922300
922301
922302
922303
922304
922305
922306
922307
922308
922309
922310
922311
922312
922313
922314
922315
922316
922317
922318
922319
922320
922321
922322
922323
922324
922325
922326
922327
922328
922329
922330
922331
922332
922334
922335
922336
922337
922338
922339
922340
922341
922342
922343
922344
922345
922346
922347
922348
922349
922350
922351
922352
922353
922354
922355
922356
922357
922358
922359
922360
922361
922362
922363
922364
922365
922366
922367
922368
922369
922370
922371
922372
922373
922374
922375
922376
922377
922378
922379
922380
922381
922382
922383
922384
922385
922386
922387
922388
922389
922390
922391
922392
922393
922394
922395
922396
922397
922398
922399
922400
922401
922402
922403
922404
922405
922406
922407
922408
922409
922410
922411
922412
922413
922414
922415
922416
922417
922418
922419
922420
922421
922422
922423
922424
922425
922426
922427
922428
922429
922430
922431
922432
922433
922434
922435
922436
922437
922438
922439
922440
922441
922442
922443
922445
922446
922447
922448
922449
922450
922451
922452
922453
922454
922455
922456
922457
922458
922459
922460
922461
922462
922463
922464
922465
922466
922467
922468
922469
922470
922471
922472
922473
922474
922475
922476
922477
922478
922479
922480
922481
922482
922483
922484
922485
922486
922487
922488
922489
922490
922491
922492
922493
922494
922495
922496
922497
922498
922499
922500
922501
922502
922503
922504
922505
922506
922507
922508
922509
922510
922511
922512
922513
922514
922515
922516
922517
922518
922519
922520
922521
922522
922523
922524
922525
922526
922527
922528
922529
922530
922531
922532
922533
922534
922535
922536
922537
922538
922539
922540
922541
922542
922543
922544
922545
922546
922547
922548
922549
922550
922551
922552
922553
922554
922556
922557
922558
922559
922560
922561
922562
922563
922564
922565
922566
922567
922568
922569
922570
922571
922572
922573
922574
922575
922576
922577
922578
922579
922580
922581
922582
922583
922584
922585
922586
922587
922588
922589
922590
922591
922592
922593
922594
922595
922596
922597
922598
922599
922600
922601
922602
922603
922604
922605
922606
922607
922608
922609
922610
922611
922612
922613
922614
922615
922616
922617
922618
922619
922620
922621
922622
922623
922624
922625
922626
922627
922628
922629
922630
922631
922632
922633
922634
922635
922636
922637
922638
922639
922640
922641
922642
922643
922644
922645
922646
922647
922648
922649
922650
922651
922652
922653
922654
922655
922656
922657
922658
922659
922660
922661
922662
922663
922664
922665
922667
922668
922669
922670
922671
922672
922673
922674
922675
922676
922677
922678
922679
922680
922681
922682
922683
922684
922685
922686
922687
922688
922689
922690
922691
922692
922693
922694
922695
922696
922697
922698
922699
922700
922701
922702
922703
922704
922705
922706
922707
922708
922709
922710
922711
922712
922713
922714
922715
922716
922717
922718
922719
922720
922721
922722
922723
922724
922725
922726
922727
922728
922729
922730
922731
922732
922733
922734
922735
922736
922737
922738
922739
922740
922741
922742
922743
922744
922745
922746
922747
922748
922749
922750
922751
922752
922753
922754
922755
922756
922757
922758
922759
922760
922761
922762
922763
922764
922765
922766
922767
922768
922769
922770
922771
922772
922773
922774
922775
922776
922778
922779
922780
922781
922782
922783
922784
922785
922786
922787
922788
922789
922790
922791
922792
922793
922794
922795
922796
922797
922798
922799
922800
922801
922802
922803
922804
922805
922806
922807
922808
922809
922810
922811
922812
922813
922814
922815
922816
922817
922818
922819
922820
922821
922822
922823
922824
922825
922826
922827
922828
922829
922830
922831
922832
922833
922834
922835
922836
922837
922838
922839
922840
922841
922842
922843
922844
922845
922846
922847
922848
922849
922850
922851
922852
922853
922854
922855
922856
922857
922858
922859
922860
922861
922862
922863
922864
922865
922866
922867
922868
922869
922870
922871
922872
922873
922874
922875
922876
922877
922878
922879
922880
922881
922882
922883
922884
922885
922886
922887
922889
922890
922891
922892
922893
922894
922895
922896
922897
922898
922899
922900
922901
922902
922903
922904
922905
922906
922907
922908
922909
922910
922911
922912
922913
922914
922915
922916
922917
922918
922919
922920
922921
922922
922923
922924
922925
922926
922927
922928
922929
922930
922931
922932
922933
922934
922935
922936
922937
922938
922939
922940
922941
922942
922943
922944
922945
922946
922947
922948
922949
922950
922951
922952
922953
922954
922955
922956
922957
922958
922959
922960
922961
922962
922963
922964
922965
922966
922967
922968
922969
922970
922971
922972
922973
922974
922975
922976
922977
922978
922979
922980
922981
922982
922983
922984
922985
922986
922987
922988
922989
922990
922991
922992
922993
922994
922995
922996
922997
922998
923001
923002
923003
923004
923005
923006
923007
923008
923009
923010
923011
923012
923013
923014
923015
923016
923017
923018
923019
923020
923021
923022
923023
923024
923025
923026
923027
923028
923029
923030
923031
923032
923033
923034
923035
923036
923037
923038
923039
923040
923041
923042
923043
923044
923045
923046
923047
923048
923049
923050
923051
923052
923053
923054
923055
923056
923057
923058
923059
923060
923061
923062
923063
923064
923065
923066
923067
923068
923069
923070
923071
923072
923073
923074
923075
923076
923077
923078
923079
923080
923081
923082
923083
923084
923085
923086
923087
923088
923089
923090
923091
923092
923093
923094
923095
923096
923097
923098
923099
923100
923101
923102
923103
923104
923105
923106
923107
923108
923109
923110
923112
923113
923114
923115
923116
923117
923118
923119
923120
923121
923122
923123
923124
923125
923126
923127
923128
923129
923130
923131
923132
923133
923134
923135
923136
923137
923138
923139
923140
923141
923142
923143
923144
923145
923146
923147
923148
923149
923150
923151
923152
923153
923154
923155
923156
923157
923158
923159
923160
923161
923162
923163
923164
923165
923166
923167
923168
923169
923170
923171
923172
923173
923174
923175
923176
923177
923178
923179
923180
923181
