923182
923183
923184
923185
923186
923187
923188
923189
923190
923191
923192
923193
923194
923195
923196
923197
923198
923199
923200
923201
923202
923203
923204
923205
923206
923207
923208
923209
923210
923211
923212
923213
923214
923215
923216
923217
923218
923219
923220
923221
923223
923224
923225
923226
923227
923228
923229
923230
923231
923232
923233
923234
923235
923236
923237
923238
923239
923240
923241
923242
923243
923244
923245
923246
923247
923248
923249
923250
923251
923252
923253
923254
923255
923256
923257
923258
923259
923260
923261
923262
923263
923264
923265
923266
923267
923268
923269
923270
923271
923272
923273
923274
923275
923276
923277
923278
923279
923280
923281
923282
923283
923284
923285
923286
923287
923288
923289
923290
923291
923292
923293
923294
923295
923296
923297
923298
923299
923300
923301
923302
923303
923304
923305
923306
923307
923308
923309
923310
923311
923312
923313
923314
923315
923316
923317
923318
923319
923320
923321
923322
923323
923324
923325
923326
923327
923328
923329
923340
923341
923342
923343
923344
923345
923346
923347
923348
923349
923350
923351
923352
923353
923354
923355
923356
923357
923358
923359
923360
923361
923362
923363
923364
923365
923366
923367
923368
923369
923370
923371
923372
923373
923374
923375
923376
923377
923378
923379
923380
923381
923382
923383
923384
923385
923386
923387
923388
923389
923390
923391
923392
923393
923394
923395
923396
923397
923398
923399
923400
923401
923402
923403
923404
923405
923406
923407
923408
923409
923410
923411
923412
923413
923414
923415
923416
923417
923418
923419
923420
923421
923422
923423
923424
923425
923426
923427
923428
923429
923430
923431
923432
923433
923434
923435
923436
923437
923438
923439
923440
923441
923442
923443
923445
923446
923447
923448
923449
923450
923451
923452
923453
923454
923455
923456
923457
923458
923459
923460
923461
923462
923463
923464
923465
923466
923467
923468
923469
923470
923471
923472
923473
923474
923475
923476
923477
923478
923479
923480
923481
923482
923483
923484
923485
923486
923487
923488
923489
923490
923491
923492
923493
923494
923495
923496
923497
923498
923499
923500
923501
923502
923503
923504
923505
923506
923507
923508
923509
923510
923511
923512
923513
923514
923515
923516
923517
923518
923519
923520
923521
923522
923523
923524
923525
923526
923527
923528
923529
923530
923531
923532
923533
923534
923535
923536
923537
923538
923539
923540
923541
923542
923543
923544
923545
923546
923547
923548
923549
923550
923551
923552
923553
923554
923556
923557
923558
923559
923560
923561
923562
923563
923564
923565
923566
923567
923568
923569
923570
923571
923572
923573
923574
923575
923576
923577
923578
923579
923580
923581
923582
923583
923584
923585
923586
923587
923588
923589
923590
923591
923592
923593
923594
923595
923596
923597
923598
923599
923600
923601
923602
923603
923604
923605
923606
923607
923608
923609
923610
923611
923612
923613
923614
923615
923616
923617
923618
923619
923620
923621
923622
923623
923624
923625
923626
923627
923628
923629
923630
923631
923632
923633
923634
923635
923636
923637
923638
923639
923640
923641
923642
923643
923644
923645
923646
923647
923648
923649
923650
923651
923652
923653
923654
923655
923656
923657
923658
923659
923660
923661
923662
923663
923664
923665
923667
923668
923669
923670
923671
923672
923673
923674
923675
923676
923677
923678
923679
923680
923681
923682
923683
923684
923685
923686
923687
923688
923689
923690
923691
923692
923693
923694
923695
923696
923697
923698
923699
923700
923701
923702
923703
923704
923705
923706
923707
923708
923709
923710
923711
923712
923713
923714
923715
923716
923717
923718
923719
923720
923721
923722
923723
923724
923725
923726
923727
923728
923729
923730
923731
923732
923733
923734
923735
923736
923737
923738
923739
923740
923741
923742
923743
923744
923745
923746
923747
923748
923749
923750
923751
923752
923753
923754
923755
923756
923757
923758
923759
923760
923761
923762
923763
923764
923765
923766
923767
923768
923769
923770
923771
923772
923773
923774
923775
923776
923778
923779
923780
923781
923782
923783
923784
923785
923786
923787
923788
923789
923790
923791
923792
923793
923794
923795
923796
923797
923798
923799
923800
923801
923802
923803
923804
923805
923806
923807
923808
923809
923810
923811
923812
923813
923814
923815
923816
923817
923818
923819
923820
923821
923822
923823
923824
923825
923826
923827
923828
923829
923830
923831
923832
923833
923834
923835
923836
923837
923838
923839
923840
923841
923842
923843
923844
923845
923846
923847
923848
923849
923850
923851
923852
923853
923854
923855
923856
923857
923858
923859
923860
923861
923862
923863
923864
923865
923866
923867
923868
923869
923870
923871
923872
923873
923874
923875
923876
923877
923878
923879
923880
923881
923882
923883
923884
923885
923886
923887
923889
923890
923891
923892
923893
923894
923895
923896
923897
923898
923899
923900
923901
923902
923903
923904
923905
923906
923907
923908
923909
923910
923911
923912
923913
923914
923915
923916
923917
923918
923919
923920
923921
923922
923923
923924
923925
923926
923927
923928
923929
923930
923931
923932
923933
923934
923935
923936
923937
923938
923939
923940
923941
923942
923943
923944
923945
923946
923947
923948
923949
923950
923951
923952
923953
923954
923955
923956
923957
923958
923959
923960
923961
923962
923963
923964
923965
923966
923967
923968
923969
923970
923971
923972
923973
923974
923975
923976
923977
923978
923979
923980
923981
923982
923983
923984
923985
923986
923987
923988
923989
923990
923991
923992
923993
923994
923995
923996
923997
923998
924001
924002
924003
924004
924005
924006
924007
924008
924009
924010
924011
924012
924013
924014
924015
924016
924017
924018
924019
924020
924021
924022
924023
924024
924025
924026
924027
924028
924029
924030
924031
924032
924033
924034
924035
924036
924037
924038
924039
924040
924041
924042
924043
924044
924045
924046
924047
924048
924049
924050
924051
924052
924053
924054
924055
924056
924057
924058
924059
924060
924061
924062
924063
924064
924065
924066
924067
924068
924069
924070
924071
924072
924073
924074
924075
924076
924077
924078
924079
924080
924081
924082
924083
924084
924085
924086
924087
924088
924089
924090
924091
924092
924093
924094
924095
924096
924097
924098
924099
924100
924101
924102
924103
924104
924105
924106
924107
924108
924109
924110
924112
924113
924114
924115
924116
924117
924118
924119
924120
924121
924122
924123
924124
924125
924126
924127
924128
924129
924130
924131
924132
924133
924134
924135
924136
924137
924138
924139
924140
924141
924142
924143
924144
924145
924146
924147
924148
924149
924150
924151
924152
924153
924154
924155
924156
924157
924158
924159
924160
924161
924162
924163
924164
924165
924166
924167
924168
924169
924170
924171
924172
924173
924174
924175
924176
924177
924178
924179
924180
924181
924182
924183
924184
924185
924186
924187
924188
924189
924190
924191
924192
924193
924194
924195
924196
924197
924198
924199
924200
924201
924202
924203
924204
924205
924206
924207
924208
924209
924210
924211
924212
924213
924214
924215
924216
924217
924218
924219
924220
924221
924223
924224
924225
924226
924227
924228
924229
924230
924231
924232
924233
924234
924235
924236
924237
924238
924239
924240
924241
924242
924243
924244
924245
924246
924247
924248
924249
924250
924251
924252
924253
924254
924255
924256
924257
924258
924259
924260
924261
924262
924263
924264
924265
924266
924267
924268
924269
924270
924271
924272
924273
924274
924275
924276
924277
924278
924279
924280
924281
924282
924283
924284
924285
924286
924287
924288
924289
924290
924291
924292
924293
924294
924295
924296
924297
924298
924299
924300
924301
924302
924303
924304
924305
924306
924307
924308
924309
924310
924311
924312
924313
924314
924315
924316
924317
924318
924319
924320
924321
924322
924323
924324
924325
924326
924327
924328
924329
924330
924331
924332
924334
924335
924336
924337
924338
924339
924340
924341
924342
924343
924344
924345
