924346
924347
924348
924349
924350
924351
924352
924353
924354
924355
924356
924357
924358
924359
924360
924361
924362
924363
924364
924365
924366
924367
924368
924369
924370
924371
924372
924373
924374
924375
924376
924377
924378
924379
924380
924381
924382
924383
924384
924385
924386
924387
924388
924389
924390
924391
924392
924393
924394
924395
924396
924397
924398
924399
924400
924401
924402
924403
924404
924405
924406
924407
924408
924409
924410
924411
924412
924413
924414
924415
924416
924417
924418
924419
924420
924421
924422
924423
924424
924425
924426
924427
924428
924429
924430
924431
924432
924433
924434
924435
924436
924437
924438
924439
924450
924451
924452
924453
924454
924455
924456
924457
924458
924459
924460
924461
924462
924463
924464
924465
924466
924467
924468
924469
924470
924471
924472
924473
924474
924475
924476
924477
924478
924479
924480
924481
924482
924483
924484
924485
924486
924487
924488
924489
924490
924491
924492
924493
924494
924495
924496
924497
924498
924499
924500
924501
924502
924503
924504
924505
924506
924507
924508
924509
924510
924511
924512
924513
924514
924515
924516
924517
924518
924519
924520
924521
924522
924523
924524
924525
924526
924527
924528
924529
924530
924531
924532
924533
924534
924535
924536
924537
924538
924539
924540
924541
924542
924543
924544
924545
924546
924547
924548
924549
924550
924551
924552
924553
924554
924556
924557
924558
924559
924560
924561
924562
924563
924564
924565
924566
924567
924568
924569
924570
924571
924572
924573
924574
924575
924576
924577
924578
924579
924580
924581
924582
924583
924584
924585
924586
924587
924588
924589
924590
924591
924592
924593
924594
924595
924596
924597
924598
924599
924600
924601
924602
924603
924604
924605
924606
924607
924608
924609
924610
924611
924612
924613
924614
924615
924616
924617
924618
924619
924620
924621
924622
924623
924624
924625
924626
924627
924628
924629
924630
924631
924632
924633
924634
924635
924636
924637
924638
924639
924640
924641
924642
924643
924644
924645
924646
924647
924648
924649
924650
924651
924652
924653
924654
924655
924656
924657
924658
924659
924660
924661
924662
924663
924664
924665
924667
924668
924669
924670
924671
924672
924673
924674
924675
924676
924677
924678
924679
924680
924681
924682
924683
924684
924685
924686
924687
924688
924689
924690
924691
924692
924693
924694
924695
924696
924697
924698
924699
924700
924701
924702
924703
924704
924705
924706
924707
924708
924709
924710
924711
924712
924713
924714
924715
924716
924717
924718
924719
924720
924721
924722
924723
924724
924725
924726
924727
924728
924729
924730
924731
924732
924733
924734
924735
924736
924737
924738
924739
924740
924741
924742
924743
924744
924745
924746
924747
924748
924749
924750
924751
924752
924753
924754
924755
924756
924757
924758
924759
924760
924761
924762
924763
924764
924765
924766
924767
924768
924769
924770
924771
924772
924773
924774
924775
924776
924778
924779
924780
924781
924782
924783
924784
924785
924786
924787
924788
924789
924790
924791
924792
924793
924794
924795
924796
924797
924798
924799
924800
924801
924802
924803
924804
924805
924806
924807
924808
924809
924810
924811
924812
924813
924814
924815
924816
924817
924818
924819
924820
924821
924822
924823
924824
924825
924826
924827
924828
924829
924830
924831
924832
924833
924834
924835
924836
924837
924838
924839
924840
924841
924842
924843
924844
924845
924846
924847
924848
924849
924850
924851
924852
924853
924854
924855
924856
924857
924858
924859
924860
924861
924862
924863
924864
924865
924866
924867
924868
924869
924870
924871
924872
924873
924874
924875
924876
924877
924878
924879
924880
924881
924882
924883
924884
924885
924886
924887
924889
924890
924891
924892
924893
924894
924895
924896
924897
924898
924899
924900
924901
924902
924903
924904
924905
924906
924907
924908
924909
924910
924911
924912
924913
924914
924915
924916
924917
924918
924919
924920
924921
924922
924923
924924
924925
924926
924927
924928
924929
924930
924931
924932
924933
924934
924935
924936
924937
924938
924939
924940
924941
924942
924943
924944
924945
924946
924947
924948
924949
924950
924951
924952
924953
924954
924955
924956
924957
924958
924959
924960
924961
924962
924963
924964
924965
924966
924967
924968
924969
924970
924971
924972
924973
924974
924975
924976
924977
924978
924979
924980
924981
924982
924983
924984
924985
924986
924987
924988
924989
924990
924991
924992
924993
924994
924995
924996
924997
924998
925001
925002
925003
925004
925005
925006
925007
925008
925009
925010
925011
925012
925013
925014
925015
925016
925017
925018
925019
925020
925021
925022
925023
925024
925025
925026
925027
925028
925029
925030
925031
925032
925033
925034
925035
925036
925037
925038
925039
925040
925041
925042
925043
925044
925045
925046
925047
925048
925049
925050
925051
925052
925053
925054
925055
925056
925057
925058
925059
925060
925061
925062
925063
925064
925065
925066
925067
925068
925069
925070
925071
925072
925073
925074
925075
925076
925077
925078
925079
925080
925081
925082
925083
925084
925085
925086
925087
925088
925089
925090
925091
925092
925093
925094
925095
925096
925097
925098
925099
925100
925101
925102
925103
925104
925105
925106
925107
925108
925109
925110
925112
925113
925114
925115
925116
925117
925118
925119
925120
925121
925122
925123
925124
925125
925126
925127
925128
925129
925130
925131
925132
925133
925134
925135
925136
925137
925138
925139
925140
925141
925142
925143
925144
925145
925146
925147
925148
925149
925150
925151
925152
925153
925154
925155
925156
925157
925158
925159
925160
925161
925162
925163
925164
925165
925166
925167
925168
925169
925170
925171
925172
925173
925174
925175
925176
925177
925178
925179
925180
925181
925182
925183
925184
925185
925186
925187
925188
925189
925190
925191
925192
925193
925194
925195
925196
925197
925198
925199
925200
925201
925202
925203
925204
925205
925206
925207
925208
925209
925210
925211
925212
925213
925214
925215
925216
925217
925218
925219
925220
925221
925223
925224
925225
925226
925227
925228
925229
925230
925231
925232
925233
925234
925235
925236
925237
925238
925239
925240
925241
925242
925243
925244
925245
925246
925247
925248
925249
925250
925251
925252
925253
925254
925255
925256
925257
925258
925259
925260
925261
925262
925263
925264
925265
925266
925267
925268
925269
925270
925271
925272
925273
925274
925275
925276
925277
925278
925279
925280
925281
925282
925283
925284
925285
925286
925287
925288
925289
925290
925291
925292
925293
925294
925295
925296
925297
925298
925299
925300
925301
925302
925303
925304
925305
925306
925307
925308
925309
925310
925311
925312
925313
925314
925315
925316
925317
925318
925319
925320
925321
925322
925323
925324
925325
925326
925327
925328
925329
925330
925331
925332
925334
925335
925336
925337
925338
925339
925340
925341
925342
925343
925344
925345
925346
925347
925348
925349
925350
925351
925352
925353
925354
925355
925356
925357
925358
925359
925360
925361
925362
925363
925364
925365
925366
925367
925368
925369
925370
925371
925372
925373
925374
925375
925376
925377
925378
925379
925380
925381
925382
925383
925384
925385
925386
925387
925388
925389
925390
925391
925392
925393
925394
925395
925396
925397
925398
925399
925400
925401
925402
925403
925404
925405
925406
925407
925408
925409
925410
925411
925412
925413
925414
925415
925416
925417
925418
925419
925420
925421
925422
925423
925424
925425
925426
925427
925428
925429
925430
925431
925432
925433
925434
925435
925436
925437
925438
925439
925440
925441
925442
925443
925445
925446
925447
925448
925449
925450
925451
925452
925453
925454
925455
925456
925457
925458
925459
925460
925461
925462
925463
925464
925465
925466
925467
925468
925469
925470
925471
925472
925473
925474
925475
925476
925477
925478
925479
925480
925481
925482
925483
925484
925485
925486
925487
925488
925489
925490
925491
925492
925493
925494
925495
925496
925497
925498
925499
925500
925501
925502
925503
925504
925505
925506
925507
925508
