925509
925510
925511
925512
925513
925514
925515
925516
925517
925518
925519
925520
925521
925522
925523
925524
925525
925526
925527
925528
925529
925530
925531
925532
925533
925534
925535
925536
925537
925538
925539
925540
925541
925542
925543
925544
925545
925546
925547
925548
925549
925560
925561
925562
925563
925564
925565
925566
925567
925568
925569
925570
925571
925572
925573
925574
925575
925576
925577
925578
925579
925580
925581
925582
925583
925584
925585
925586
925587
925588
925589
925590
925591
925592
925593
925594
925595
925596
925597
925598
925599
925600
925601
925602
925603
925604
925605
925606
925607
925608
925609
925610
925611
925612
925613
925614
925615
925616
925617
925618
925619
925620
925621
925622
925623
925624
925625
925626
925627
925628
925629
925630
925631
925632
925633
925634
925635
925636
925637
925638
925639
925640
925641
925642
925643
925644
925645
925646
925647
925648
925649
925650
925651
925652
925653
925654
925655
925656
925657
925658
925659
925660
925661
925662
925663
925664
925665
925667
925668
925669
925670
925671
925672
925673
925674
925675
925676
925677
925678
925679
925680
925681
925682
925683
925684
925685
925686
925687
925688
925689
925690
925691
925692
925693
925694
925695
925696
925697
925698
925699
925700
925701
925702
925703
925704
925705
925706
925707
925708
925709
925710
925711
925712
925713
925714
925715
925716
925717
925718
925719
925720
925721
925722
925723
925724
925725
925726
925727
925728
925729
925730
925731
925732
925733
925734
925735
925736
925737
925738
925739
925740
925741
925742
925743
925744
925745
925746
925747
925748
925749
925750
925751
925752
925753
925754
925755
925756
925757
925758
925759
925760
925761
925762
925763
925764
925765
925766
925767
925768
925769
925770
925771
925772
925773
925774
925775
925776
925778
925779
925780
925781
925782
925783
925784
925785
925786
925787
925788
925789
925790
925791
925792
925793
925794
925795
925796
925797
925798
925799
925800
925801
925802
925803
925804
925805
925806
925807
925808
925809
925810
925811
925812
925813
925814
925815
925816
925817
925818
925819
925820
925821
925822
925823
925824
925825
925826
925827
925828
925829
925830
925831
925832
925833
925834
925835
925836
925837
925838
925839
925840
925841
925842
925843
925844
925845
925846
925847
925848
925849
925850
925851
925852
925853
925854
925855
925856
925857
925858
925859
925860
925861
925862
925863
925864
925865
925866
925867
925868
925869
925870
925871
925872
925873
925874
925875
925876
925877
925878
925879
925880
925881
925882
925883
925884
925885
925886
925887
925889
925890
925891
925892
925893
925894
925895
925896
925897
925898
925899
925900
925901
925902
925903
925904
925905
925906
925907
925908
925909
925910
925911
925912
925913
925914
925915
925916
925917
925918
925919
925920
925921
925922
925923
925924
925925
925926
925927
925928
925929
925930
925931
925932
925933
925934
925935
925936
925937
925938
925939
925940
925941
925942
925943
925944
925945
925946
925947
925948
925949
925950
925951
925952
925953
925954
925955
925956
925957
925958
925959
925960
925961
925962
925963
925964
925965
925966
925967
925968
925969
925970
925971
925972
925973
925974
925975
925976
925977
925978
925979
925980
925981
925982
925983
925984
925985
925986
925987
925988
925989
925990
925991
925992
925993
925994
925995
925996
925997
925998
926001
926002
926003
926004
926005
926006
926007
926008
926009
926010
926011
926012
926013
926014
926015
926016
926017
926018
926019
926020
926021
926022
926023
926024
926025
926026
926027
926028
926029
926030
926031
926032
926033
926034
926035
926036
926037
926038
926039
926040
926041
926042
926043
926044
926045
926046
926047
926048
926049
926050
926051
926052
926053
926054
926055
926056
926057
926058
926059
926060
926061
926062
926063
926064
926065
926066
926067
926068
926069
926070
926071
926072
926073
926074
926075
926076
926077
926078
926079
926080
926081
926082
926083
926084
926085
926086
926087
926088
926089
926090
926091
926092
926093
926094
926095
926096
926097
926098
926099
926100
926101
926102
926103
926104
926105
926106
926107
926108
926109
926110
926112
926113
926114
926115
926116
926117
926118
926119
926120
926121
926122
926123
926124
926125
926126
926127
926128
926129
926130
926131
926132
926133
926134
926135
926136
926137
926138
926139
926140
926141
926142
926143
926144
926145
926146
926147
926148
926149
926150
926151
926152
926153
926154
926155
926156
926157
926158
926159
926160
926161
926162
926163
926164
926165
926166
926167
926168
926169
926170
926171
926172
926173
926174
926175
926176
926177
926178
926179
926180
926181
926182
926183
926184
926185
926186
926187
926188
926189
926190
926191
926192
926193
926194
926195
926196
926197
926198
926199
926200
926201
926202
926203
926204
926205
926206
926207
926208
926209
926210
926211
926212
926213
926214
926215
926216
926217
926218
926219
926220
926221
926223
926224
926225
926226
926227
926228
926229
926230
926231
926232
926233
926234
926235
926236
926237
926238
926239
926240
926241
926242
926243
926244
926245
926246
926247
926248
926249
926250
926251
926252
926253
926254
926255
926256
926257
926258
926259
926260
926261
926262
926263
926264
926265
926266
926267
926268
926269
926270
926271
926272
926273
926274
926275
926276
926277
926278
926279
926280
926281
926282
926283
926284
926285
926286
926287
926288
926289
926290
926291
926292
926293
926294
926295
926296
926297
926298
926299
926300
926301
926302
926303
926304
926305
926306
926307
926308
926309
926310
926311
926312
926313
926314
926315
926316
926317
926318
926319
926320
926321
926322
926323
926324
926325
926326
926327
926328
926329
926330
926331
926332
926334
926335
926336
926337
926338
926339
926340
926341
926342
926343
926344
926345
926346
926347
926348
926349
926350
926351
926352
926353
926354
926355
926356
926357
926358
926359
926360
926361
926362
926363
926364
926365
926366
926367
926368
926369
926370
926371
926372
926373
926374
926375
926376
926377
926378
926379
926380
926381
926382
926383
926384
926385
926386
926387
926388
926389
926390
926391
926392
926393
926394
926395
926396
926397
926398
926399
926400
926401
926402
926403
926404
926405
926406
926407
926408
926409
926410
926411
926412
926413
926414
926415
926416
926417
926418
926419
926420
926421
926422
926423
926424
926425
926426
926427
926428
926429
926430
926431
926432
926433
926434
926435
926436
926437
926438
926439
926440
926441
926442
926443
926445
926446
926447
926448
926449
926450
926451
926452
926453
926454
926455
926456
926457
926458
926459
926460
926461
926462
926463
926464
926465
926466
926467
926468
926469
926470
926471
926472
926473
926474
926475
926476
926477
926478
926479
926480
926481
926482
926483
926484
926485
926486
926487
926488
926489
926490
926491
926492
926493
926494
926495
926496
926497
926498
926499
926500
926501
926502
926503
926504
926505
926506
926507
926508
926509
926510
926511
926512
926513
926514
926515
926516
926517
926518
926519
926520
926521
926522
926523
926524
926525
926526
926527
926528
926529
926530
926531
926532
926533
926534
926535
926536
926537
926538
926539
926540
926541
926542
926543
926544
926545
926546
926547
926548
926549
926550
926551
926552
926553
926554
926556
926557
926558
926559
926560
926561
926562
926563
926564
926565
926566
926567
926568
926569
926570
926571
926572
926573
926574
926575
926576
926577
926578
926579
926580
926581
926582
926583
926584
926585
926586
926587
926588
926589
926590
926591
926592
926593
926594
926595
926596
926597
926598
926599
926600
926601
926602
926603
926604
926605
926606
926607
926608
926609
926610
926611
926612
926613
926614
926615
926616
926617
926618
926619
926620
926621
926622
926623
926624
926625
926626
926627
926628
926629
926630
926631
926632
926633
926634
926635
926636
926637
926638
926639
926640
926641
926642
926643
926644
926645
926646
926647
926648
926649
926650
926651
926652
926653
926654
926655
926656
926657
926658
926659
926670
926671
926672
926673
926674
926675
926676
926677
926678
926679
926680
926681
