954827
954828
954829
954830
954831
954832
954833
954834
954835
954836
954837
954838
954839
954840
954841
954842
954843
954844
954845
954846
954847
954848
954849
954850
954851
954852
954853
954854
954855
954856
954857
954858
954859
954860
954861
954862
954863
954864
954865
954866
954867
954868
954869
954870
954871
954872
954873
954874
954875
954876
954877
954878
954879
954880
954881
954882
954883
954884
954885
954886
954887
954889
954890
954891
954892
954893
954894
954895
954896
954897
954898
954899
954900
954901
954902
954903
954904
954905
954906
954907
954908
954909
954910
954911
954912
954913
954914
954915
954916
954917
954918
954919
954920
954921
954922
954923
954924
954925
954926
954927
954928
954929
954930
954931
954932
954933
954934
954935
954936
954937
954938
954939
954940
954941
954942
954943
954944
954945
954946
954947
954948
954949
954950
954951
954952
954953
954954
954955
954956
954957
954958
954959
954960
954961
954962
954963
954964
954965
954966
954967
954968
954969
954970
954971
954972
954973
954974
954975
954976
954977
954978
954979
954980
954981
954982
954983
954984
954985
954986
954987
954988
954989
954990
954991
954992
954993
954994
954995
954996
954997
954998
955001
955002
955003
955004
955005
955006
955007
955008
955009
955010
955011
955012
955013
955014
955015
955016
955017
955018
955019
955020
955021
955022
955023
955024
955025
955026
955027
955028
955029
955030
955031
955032
955033
955034
955035
955036
955037
955038
955039
955040
955041
955042
955043
955044
955045
955046
955047
955048
955049
955050
955051
955052
955053
955054
955055
955056
955057
955058
955059
955060
955061
955062
955063
955064
955065
955066
955067
955068
955069
955070
955071
955072
955073
955074
955075
955076
955077
955078
955079
955080
955081
955082
955083
955084
955085
955086
955087
955088
955089
955090
955091
955092
955093
955094
955095
955096
955097
955098
955099
955100
955101
955102
955103
955104
955105
955106
955107
955108
955109
955110
955112
955113
955114
955115
955116
955117
955118
955119
955120
955121
955122
955123
955124
955125
955126
955127
955128
955129
955130
955131
955132
955133
955134
955135
955136
955137
955138
955139
955140
955141
955142
955143
955144
955145
955146
955147
955148
955149
955150
955151
955152
955153
955154
955155
955156
955157
955158
955159
955160
955161
955162
955163
955164
955165
955166
955167
955168
955169
955170
955171
955172
955173
955174
955175
955176
955177
955178
955179
955180
955181
955182
955183
955184
955185
955186
955187
955188
955189
955190
955191
955192
955193
955194
955195
955196
955197
955198
955199
955200
955201
955202
955203
955204
955205
955206
955207
955208
955209
955210
955211
955212
955213
955214
955215
955216
955217
955218
955219
955220
955221
955223
955224
955225
955226
955227
955228
955229
955230
955231
955232
955233
955234
955235
955236
955237
955238
955239
955240
955241
955242
955243
955244
955245
955246
955247
955248
955249
955250
955251
955252
955253
955254
955255
955256
955257
955258
955259
955260
955261
955262
955263
955264
955265
955266
955267
955268
955269
955270
955271
955272
955273
955274
955275
955276
955277
955278
955279
955280
955281
955282
955283
955284
955285
955286
955287
955288
955289
955290
955291
955292
955293
955294
955295
955296
955297
955298
955299
955300
955301
955302
955303
955304
955305
955306
955307
955308
955309
955310
955311
955312
955313
955314
955315
955316
955317
955318
955319
955320
955321
955322
955323
955324
955325
955326
955327
955328
955329
955330
955331
955332
955334
955335
955336
955337
955338
955339
955340
955341
955342
955343
955344
955345
955346
955347
955348
955349
955350
955351
955352
955353
955354
955355
955356
955357
955358
955359
955360
955361
955362
955363
955364
955365
955366
955367
955368
955369
955370
955371
955372
955373
955374
955375
955376
955377
955378
955379
955380
955381
955382
955383
955384
955385
955386
955387
955388
955389
955390
955391
955392
955393
955394
955395
955396
955397
955398
955399
955400
955401
955402
955403
955404
955405
955406
955407
955408
955409
955410
955411
955412
955413
955414
955415
955416
955417
955418
955419
955420
955421
955422
955423
955424
955425
955426
955427
955428
955429
955430
955431
955432
955433
955434
955435
955436
955437
955438
955439
955440
955441
955442
955443
955445
955446
955447
955448
955449
955450
955451
955452
955453
955454
955455
955456
955457
955458
955459
955460
955461
955462
955463
955464
955465
955466
955467
955468
955469
955470
955471
955472
955473
955474
955475
955476
955477
955478
955479
955480
955481
955482
955483
955484
955485
955486
955487
955488
955489
955490
955491
955492
955493
955494
955495
955496
955497
955498
955499
955600
955601
955602
955603
955604
955605
955606
955607
955608
955609
955610
955611
955612
955613
955614
955615
955616
955617
955618
955619
955620
955621
955622
955623
955624
955625
955626
955627
955628
955629
955630
955631
955632
955633
955634
955635
955636
955637
955638
955639
955640
955641
955642
955643
955644
955645
955646
955647
955648
955649
955650
955651
955652
955653
955654
955655
955656
955657
955658
955659
955660
955661
955662
955663
955664
955665
955667
955668
955669
955670
955671
955672
955673
955674
955675
955676
955677
955678
955679
955680
955681
955682
955683
955684
955685
955686
955687
955688
955689
955690
955691
955692
955693
955694
955695
955696
955697
955698
955699
955700
955701
955702
955703
955704
955705
955706
955707
955708
955709
955710
955711
955712
955713
955714
955715
955716
955717
955718
955719
955720
955721
955722
955723
955724
955725
955726
955727
955728
955729
955730
955731
955732
955733
955734
955735
955736
955737
955738
955739
955740
955741
955742
955743
955744
955745
955746
955747
955748
955749
955750
955751
955752
955753
955754
955755
955756
955757
955758
955759
955760
955761
955762
955763
955764
955765
955766
955767
955768
955769
955770
955771
955772
955773
955774
955775
955776
955778
955779
955780
955781
955782
955783
955784
955785
955786
955787
955788
955789
955790
955791
955792
955793
955794
955795
955796
955797
955798
955799
955800
955801
955802
955803
955804
955805
955806
955807
955808
955809
955810
955811
955812
955813
955814
955815
955816
955817
955818
955819
955820
955821
955822
955823
955824
955825
955826
955827
955828
955829
955830
955831
955832
955833
955834
955835
955836
955837
955838
955839
955840
955841
955842
955843
955844
955845
955846
955847
955848
955849
955850
955851
955852
955853
955854
955855
955856
955857
955858
955859
955860
955861
955862
955863
955864
955865
955866
955867
955868
955869
955870
955871
955872
955873
955874
955875
955876
955877
955878
955879
955880
955881
955882
955883
955884
955885
955886
955887
955889
955890
955891
955892
955893
955894
955895
955896
955897
955898
955899
955900
955901
955902
955903
955904
955905
955906
955907
955908
955909
955910
955911
955912
955913
955914
955915
955916
955917
955918
955919
955920
955921
955922
955923
955924
955925
955926
955927
955928
955929
955930
955931
955932
955933
955934
955935
955936
955937
955938
955939
955940
955941
955942
955943
955944
955945
955946
955947
955948
955949
955950
955951
955952
955953
955954
955955
955956
955957
955958
955959
955960
955961
955962
955963
955964
955965
955966
955967
955968
955969
955970
955971
955972
955973
955974
955975
955976
955977
955978
955979
955980
955981
955982
955983
955984
955985
955986
955987
955988
955989
955990
955991
955992
955993
955994
955995
955996
955997
955998
956001
956002
956003
956004
956005
956006
956007
956008
956009
956010
956011
956012
956013
956014
956015
956016
956017
956018
956019
956020
956021
956022
956023
956024
956025
956026
956027
956028
956029
956030
956031
956032
956033
956034
956035
956036
956037
956038
956039
956040
956041
956042
956043
956044
956045
956046
956047
956048
956049
956050
956051
956052
956053
956054
956055
956056
956057
956058
956059
956060
956061
956062
956063
956064
956065
956066
956067
956068
956069
956070
956071
956072
956073
956074
956075
956076
956077
956078
956079
956080
956081
