926682
926683
926684
926685
926686
926687
926688
926689
926690
926691
926692
926693
926694
926695
926696
926697
926698
926699
926700
926701
926702
926703
926704
926705
926706
926707
926708
926709
926710
926711
926712
926713
926714
926715
926716
926717
926718
926719
926720
926721
926722
926723
926724
926725
926726
926727
926728
926729
926730
926731
926732
926733
926734
926735
926736
926737
926738
926739
926740
926741
926742
926743
926744
926745
926746
926747
926748
926749
926750
926751
926752
926753
926754
926755
926756
926757
926758
926759
926760
926761
926762
926763
926764
926765
926766
926767
926768
926769
926770
926771
926772
926773
926774
926775
926776
926778
926779
926780
926781
926782
926783
926784
926785
926786
926787
926788
926789
926790
926791
926792
926793
926794
926795
926796
926797
926798
926799
926800
926801
926802
926803
926804
926805
926806
926807
926808
926809
926810
926811
926812
926813
926814
926815
926816
926817
926818
926819
926820
926821
926822
926823
926824
926825
926826
926827
926828
926829
926830
926831
926832
926833
926834
926835
926836
926837
926838
926839
926840
926841
926842
926843
926844
926845
926846
926847
926848
926849
926850
926851
926852
926853
926854
926855
926856
926857
926858
926859
926860
926861
926862
926863
926864
926865
926866
926867
926868
926869
926870
926871
926872
926873
926874
926875
926876
926877
926878
926879
926880
926881
926882
926883
926884
926885
926886
926887
926889
926890
926891
926892
926893
926894
926895
926896
926897
926898
926899
926900
926901
926902
926903
926904
926905
926906
926907
926908
926909
926910
926911
926912
926913
926914
926915
926916
926917
926918
926919
926920
926921
926922
926923
926924
926925
926926
926927
926928
926929
926930
926931
926932
926933
926934
926935
926936
926937
926938
926939
926940
926941
926942
926943
926944
926945
926946
926947
926948
926949
926950
926951
926952
926953
926954
926955
926956
926957
926958
926959
926960
926961
926962
926963
926964
926965
926966
926967
926968
926969
926970
926971
926972
926973
926974
926975
926976
926977
926978
926979
926980
926981
926982
926983
926984
926985
926986
926987
926988
926989
926990
926991
926992
926993
926994
926995
926996
926997
926998
927001
927002
927003
927004
927005
927006
927007
927008
927009
927010
927011
927012
927013
927014
927015
927016
927017
927018
927019
927020
927021
927022
927023
927024
927025
927026
927027
927028
927029
927030
927031
927032
927033
927034
927035
927036
927037
927038
927039
927040
927041
927042
927043
927044
927045
927046
927047
927048
927049
927050
927051
927052
927053
927054
927055
927056
927057
927058
927059
927060
927061
927062
927063
927064
927065
927066
927067
927068
927069
927070
927071
927072
927073
927074
927075
927076
927077
927078
927079
927080
927081
927082
927083
927084
927085
927086
927087
927088
927089
927090
927091
927092
927093
927094
927095
927096
927097
927098
927099
927100
927101
927102
927103
927104
927105
927106
927107
927108
927109
927110
927112
927113
927114
927115
927116
927117
927118
927119
927120
927121
927122
927123
927124
927125
927126
927127
927128
927129
927130
927131
927132
927133
927134
927135
927136
927137
927138
927139
927140
927141
927142
927143
927144
927145
927146
927147
927148
927149
927150
927151
927152
927153
927154
927155
927156
927157
927158
927159
927160
927161
927162
927163
927164
927165
927166
927167
927168
927169
927170
927171
927172
927173
927174
927175
927176
927177
927178
927179
927180
927181
927182
927183
927184
927185
927186
927187
927188
927189
927190
927191
927192
927193
927194
927195
927196
927197
927198
927199
927200
927201
927202
927203
927204
927205
927206
927207
927208
927209
927210
927211
927212
927213
927214
927215
927216
927217
927218
927219
927220
927221
927223
927224
927225
927226
927227
927228
927229
927230
927231
927232
927233
927234
927235
927236
927237
927238
927239
927240
927241
927242
927243
927244
927245
927246
927247
927248
927249
927250
927251
927252
927253
927254
927255
927256
927257
927258
927259
927260
927261
927262
927263
927264
927265
927266
927267
927268
927269
927270
927271
927272
927273
927274
927275
927276
927277
927278
927279
927280
927281
927282
927283
927284
927285
927286
927287
927288
927289
927290
927291
927292
927293
927294
927295
927296
927297
927298
927299
927300
927301
927302
927303
927304
927305
927306
927307
927308
927309
927310
927311
927312
927313
927314
927315
927316
927317
927318
927319
927320
927321
927322
927323
927324
927325
927326
927327
927328
927329
927330
927331
927332
927334
927335
927336
927337
927338
927339
927340
927341
927342
927343
927344
927345
927346
927347
927348
927349
927350
927351
927352
927353
927354
927355
927356
927357
927358
927359
927360
927361
927362
927363
927364
927365
927366
927367
927368
927369
927370
927371
927372
927373
927374
927375
927376
927377
927378
927379
927380
927381
927382
927383
927384
927385
927386
927387
927388
927389
927390
927391
927392
927393
927394
927395
927396
927397
927398
927399
927400
927401
927402
927403
927404
927405
927406
927407
927408
927409
927410
927411
927412
927413
927414
927415
927416
927417
927418
927419
927420
927421
927422
927423
927424
927425
927426
927427
927428
927429
927430
927431
927432
927433
927434
927435
927436
927437
927438
927439
927440
927441
927442
927443
927445
927446
927447
927448
927449
927450
927451
927452
927453
927454
927455
927456
927457
927458
927459
927460
927461
927462
927463
927464
927465
927466
927467
927468
927469
927470
927471
927472
927473
927474
927475
927476
927477
927478
927479
927480
927481
927482
927483
927484
927485
927486
927487
927488
927489
927490
927491
927492
927493
927494
927495
927496
927497
927498
927499
927500
927501
927502
927503
927504
927505
927506
927507
927508
927509
927510
927511
927512
927513
927514
927515
927516
927517
927518
927519
927520
927521
927522
927523
927524
927525
927526
927527
927528
927529
927530
927531
927532
927533
927534
927535
927536
927537
927538
927539
927540
927541
927542
927543
927544
927545
927546
927547
927548
927549
927550
927551
927552
927553
927554
927556
927557
927558
927559
927560
927561
927562
927563
927564
927565
927566
927567
927568
927569
927570
927571
927572
927573
927574
927575
927576
927577
927578
927579
927580
927581
927582
927583
927584
927585
927586
927587
927588
927589
927590
927591
927592
927593
927594
927595
927596
927597
927598
927599
927600
927601
927602
927603
927604
927605
927606
927607
927608
927609
927610
927611
927612
927613
927614
927615
927616
927617
927618
927619
927620
927621
927622
927623
927624
927625
927626
927627
927628
927629
927630
927631
927632
927633
927634
927635
927636
927637
927638
927639
927640
927641
927642
927643
927644
927645
927646
927647
927648
927649
927650
927651
927652
927653
927654
927655
927656
927657
927658
927659
927660
927661
927662
927663
927664
927665
927667
927668
927669
927670
927671
927672
927673
927674
927675
927676
927677
927678
927679
927680
927681
927682
927683
927684
927685
927686
927687
927688
927689
927690
927691
927692
927693
927694
927695
927696
927697
927698
927699
927700
927701
927702
927703
927704
927705
927706
927707
927708
927709
927710
927711
927712
927713
927714
927715
927716
927717
927718
927719
927720
927721
927722
927723
927724
927725
927726
927727
927728
927729
927730
927731
927732
927733
927734
927735
927736
927737
927738
927739
927740
927741
927742
927743
927744
927745
927746
927747
927748
927749
927750
927751
927752
927753
927754
927755
927756
927757
927758
927759
927760
927761
927762
927763
927764
927765
927766
927767
927768
927769
927780
927781
927782
927783
927784
927785
927786
927787
927788
927789
927790
927791
927792
927793
927794
927795
927796
927797
927798
927799
927800
927801
927802
927803
927804
927805
927806
927807
927808
927809
927810
927811
927812
927813
927814
927815
927816
927817
927818
927819
927820
927821
927822
927823
927824
927825
927826
927827
927828
927829
927830
927831
927832
927833
927834
927835
927836
927837
927838
927839
927840
927841
927842
927843
927844
