927845
927846
927847
927848
927849
927850
927851
927852
927853
927854
927855
927856
927857
927858
927859
927860
927861
927862
927863
927864
927865
927866
927867
927868
927869
927870
927871
927872
927873
927874
927875
927876
927877
927878
927879
927880
927881
927882
927883
927884
927885
927886
927887
927889
927890
927891
927892
927893
927894
927895
927896
927897
927898
927899
927900
927901
927902
927903
927904
927905
927906
927907
927908
927909
927910
927911
927912
927913
927914
927915
927916
927917
927918
927919
927920
927921
927922
927923
927924
927925
927926
927927
927928
927929
927930
927931
927932
927933
927934
927935
927936
927937
927938
927939
927940
927941
927942
927943
927944
927945
927946
927947
927948
927949
927950
927951
927952
927953
927954
927955
927956
927957
927958
927959
927960
927961
927962
927963
927964
927965
927966
927967
927968
927969
927970
927971
927972
927973
927974
927975
927976
927977
927978
927979
927980
927981
927982
927983
927984
927985
927986
927987
927988
927989
927990
927991
927992
927993
927994
927995
927996
927997
927998
928001
928002
928003
928004
928005
928006
928007
928008
928009
928010
928011
928012
928013
928014
928015
928016
928017
928018
928019
928020
928021
928022
928023
928024
928025
928026
928027
928028
928029
928030
928031
928032
928033
928034
928035
928036
928037
928038
928039
928040
928041
928042
928043
928044
928045
928046
928047
928048
928049
928050
928051
928052
928053
928054
928055
928056
928057
928058
928059
928060
928061
928062
928063
928064
928065
928066
928067
928068
928069
928070
928071
928072
928073
928074
928075
928076
928077
928078
928079
928080
928081
928082
928083
928084
928085
928086
928087
928088
928089
928090
928091
928092
928093
928094
928095
928096
928097
928098
928099
928100
928101
928102
928103
928104
928105
928106
928107
928108
928109
928110
928112
928113
928114
928115
928116
928117
928118
928119
928120
928121
928122
928123
928124
928125
928126
928127
928128
928129
928130
928131
928132
928133
928134
928135
928136
928137
928138
928139
928140
928141
928142
928143
928144
928145
928146
928147
928148
928149
928150
928151
928152
928153
928154
928155
928156
928157
928158
928159
928160
928161
928162
928163
928164
928165
928166
928167
928168
928169
928170
928171
928172
928173
928174
928175
928176
928177
928178
928179
928180
928181
928182
928183
928184
928185
928186
928187
928188
928189
928190
928191
928192
928193
928194
928195
928196
928197
928198
928199
928200
928201
928202
928203
928204
928205
928206
928207
928208
928209
928210
928211
928212
928213
928214
928215
928216
928217
928218
928219
928220
928221
928223
928224
928225
928226
928227
928228
928229
928230
928231
928232
928233
928234
928235
928236
928237
928238
928239
928240
928241
928242
928243
928244
928245
928246
928247
928248
928249
928250
928251
928252
928253
928254
928255
928256
928257
928258
928259
928260
928261
928262
928263
928264
928265
928266
928267
928268
928269
928270
928271
928272
928273
928274
928275
928276
928277
928278
928279
928280
928281
928282
928283
928284
928285
928286
928287
928288
928289
928290
928291
928292
928293
928294
928295
928296
928297
928298
928299
928300
928301
928302
928303
928304
928305
928306
928307
928308
928309
928310
928311
928312
928313
928314
928315
928316
928317
928318
928319
928320
928321
928322
928323
928324
928325
928326
928327
928328
928329
928330
928331
928332
928334
928335
928336
928337
928338
928339
928340
928341
928342
928343
928344
928345
928346
928347
928348
928349
928350
928351
928352
928353
928354
928355
928356
928357
928358
928359
928360
928361
928362
928363
928364
928365
928366
928367
928368
928369
928370
928371
928372
928373
928374
928375
928376
928377
928378
928379
928380
928381
928382
928383
928384
928385
928386
928387
928388
928389
928390
928391
928392
928393
928394
928395
928396
928397
928398
928399
928400
928401
928402
928403
928404
928405
928406
928407
928408
928409
928410
928411
928412
928413
928414
928415
928416
928417
928418
928419
928420
928421
928422
928423
928424
928425
928426
928427
928428
928429
928430
928431
928432
928433
928434
928435
928436
928437
928438
928439
928440
928441
928442
928443
928445
928446
928447
928448
928449
928450
928451
928452
928453
928454
928455
928456
928457
928458
928459
928460
928461
928462
928463
928464
928465
928466
928467
928468
928469
928470
928471
928472
928473
928474
928475
928476
928477
928478
928479
928480
928481
928482
928483
928484
928485
928486
928487
928488
928489
928490
928491
928492
928493
928494
928495
928496
928497
928498
928499
928500
928501
928502
928503
928504
928505
928506
928507
928508
928509
928510
928511
928512
928513
928514
928515
928516
928517
928518
928519
928520
928521
928522
928523
928524
928525
928526
928527
928528
928529
928530
928531
928532
928533
928534
928535
928536
928537
928538
928539
928540
928541
928542
928543
928544
928545
928546
928547
928548
928549
928550
928551
928552
928553
928554
928556
928557
928558
928559
928560
928561
928562
928563
928564
928565
928566
928567
928568
928569
928570
928571
928572
928573
928574
928575
928576
928577
928578
928579
928580
928581
928582
928583
928584
928585
928586
928587
928588
928589
928590
928591
928592
928593
928594
928595
928596
928597
928598
928599
928600
928601
928602
928603
928604
928605
928606
928607
928608
928609
928610
928611
928612
928613
928614
928615
928616
928617
928618
928619
928620
928621
928622
928623
928624
928625
928626
928627
928628
928629
928630
928631
928632
928633
928634
928635
928636
928637
928638
928639
928640
928641
928642
928643
928644
928645
928646
928647
928648
928649
928650
928651
928652
928653
928654
928655
928656
928657
928658
928659
928660
928661
928662
928663
928664
928665
928667
928668
928669
928670
928671
928672
928673
928674
928675
928676
928677
928678
928679
928680
928681
928682
928683
928684
928685
928686
928687
928688
928689
928690
928691
928692
928693
928694
928695
928696
928697
928698
928699
928700
928701
928702
928703
928704
928705
928706
928707
928708
928709
928710
928711
928712
928713
928714
928715
928716
928717
928718
928719
928720
928721
928722
928723
928724
928725
928726
928727
928728
928729
928730
928731
928732
928733
928734
928735
928736
928737
928738
928739
928740
928741
928742
928743
928744
928745
928746
928747
928748
928749
928750
928751
928752
928753
928754
928755
928756
928757
928758
928759
928760
928761
928762
928763
928764
928765
928766
928767
928768
928769
928770
928771
928772
928773
928774
928775
928776
928778
928779
928780
928781
928782
928783
928784
928785
928786
928787
928788
928789
928790
928791
928792
928793
928794
928795
928796
928797
928798
928799
928800
928801
928802
928803
928804
928805
928806
928807
928808
928809
928810
928811
928812
928813
928814
928815
928816
928817
928818
928819
928820
928821
928822
928823
928824
928825
928826
928827
928828
928829
928830
928831
928832
928833
928834
928835
928836
928837
928838
928839
928840
928841
928842
928843
928844
928845
928846
928847
928848
928849
928850
928851
928852
928853
928854
928855
928856
928857
928858
928859
928860
928861
928862
928863
928864
928865
928866
928867
928868
928869
928870
928871
928872
928873
928874
928875
928876
928877
928878
928879
928890
928891
928892
928893
928894
928895
928896
928897
928898
928899
928900
928901
928902
928903
928904
928905
928906
928907
928908
928909
928910
928911
928912
928913
928914
928915
928916
928917
928918
928919
928920
928921
928922
928923
928924
928925
928926
928927
928928
928929
928930
928931
928932
928933
928934
928935
928936
928937
928938
928939
928940
928941
928942
928943
928944
928945
928946
928947
928948
928949
928950
928951
928952
928953
928954
928955
928956
928957
928958
928959
928960
928961
928962
928963
928964
928965
928966
928967
928968
928969
928970
928971
928972
928973
928974
928975
928976
928977
928978
928979
928980
928981
928982
928983
928984
928985
928986
928987
928988
928989
928990
928991
928992
928993
928994
928995
928996
928997
928998
929001
929002
929003
929004
929005
929006
929007
929008
929009
