930182
930183
930184
930185
930186
930187
930188
930189
930190
930191
930192
930193
930194
930195
930196
930197
930198
930199
930200
930201
930202
930203
930204
930205
930206
930207
930208
930209
930210
930211
930212
930213
930214
930215
930216
930217
930218
930219
930220
930221
930223
930224
930225
930226
930227
930228
930229
930230
930231
930232
930233
930234
930235
930236
930237
930238
930239
930240
930241
930242
930243
930244
930245
930246
930247
930248
930249
930250
930251
930252
930253
930254
930255
930256
930257
930258
930259
930260
930261
930262
930263
930264
930265
930266
930267
930268
930269
930270
930271
930272
930273
930274
930275
930276
930277
930278
930279
930280
930281
930282
930283
930284
930285
930286
930287
930288
930289
930290
930291
930292
930293
930294
930295
930296
930297
930298
930299
930300
930301
930302
930303
930304
930305
930306
930307
930308
930309
930310
930311
930312
930313
930314
930315
930316
930317
930318
930319
930320
930321
930322
930323
930324
930325
930326
930327
930328
930329
930330
930331
930332
930334
930335
930336
930337
930338
930339
930340
930341
930342
930343
930344
930345
930346
930347
930348
930349
930350
930351
930352
930353
930354
930355
930356
930357
930358
930359
930360
930361
930362
930363
930364
930365
930366
930367
930368
930369
930370
930371
930372
930373
930374
930375
930376
930377
930378
930379
930380
930381
930382
930383
930384
930385
930386
930387
930388
930389
930390
930391
930392
930393
930394
930395
930396
930397
930398
930399
930400
930401
930402
930403
930404
930405
930406
930407
930408
930409
930410
930411
930412
930413
930414
930415
930416
930417
930418
930419
930420
930421
930422
930423
930424
930425
930426
930427
930428
930429
930430
930431
930432
930433
930434
930435
930436
930437
930438
930439
930440
930441
930442
930443
930445
930446
930447
930448
930449
930450
930451
930452
930453
930454
930455
930456
930457
930458
930459
930460
930461
930462
930463
930464
930465
930466
930467
930468
930469
930470
930471
930472
930473
930474
930475
930476
930477
930478
930479
930480
930481
930482
930483
930484
930485
930486
930487
930488
930489
930490
930491
930492
930493
930494
930495
930496
930497
930498
930499
930500
930501
930502
930503
930504
930505
930506
930507
930508
930509
930510
930511
930512
930513
930514
930515
930516
930517
930518
930519
930520
930521
930522
930523
930524
930525
930526
930527
930528
930529
930530
930531
930532
930533
930534
930535
930536
930537
930538
930539
930540
930541
930542
930543
930544
930545
930546
930547
930548
930549
930550
930551
930552
930553
930554
930556
930557
930558
930559
930560
930561
930562
930563
930564
930565
930566
930567
930568
930569
930570
930571
930572
930573
930574
930575
930576
930577
930578
930579
930580
930581
930582
930583
930584
930585
930586
930587
930588
930589
930590
930591
930592
930593
930594
930595
930596
930597
930598
930599
930600
930601
930602
930603
930604
930605
930606
930607
930608
930609
930610
930611
930612
930613
930614
930615
930616
930617
930618
930619
930620
930621
930622
930623
930624
930625
930626
930627
930628
930629
930630
930631
930632
930633
930634
930635
930636
930637
930638
930639
930640
930641
930642
930643
930644
930645
930646
930647
930648
930649
930650
930651
930652
930653
930654
930655
930656
930657
930658
930659
930660
930661
930662
930663
930664
930665
930667
930668
930669
930670
930671
930672
930673
930674
930675
930676
930677
930678
930679
930680
930681
930682
930683
930684
930685
930686
930687
930688
930689
930690
930691
930692
930693
930694
930695
930696
930697
930698
930699
930700
930701
930702
930703
930704
930705
930706
930707
930708
930709
930710
930711
930712
930713
930714
930715
930716
930717
930718
930719
930720
930721
930722
930723
930724
930725
930726
930727
930728
930729
930730
930731
930732
930733
930734
930735
930736
930737
930738
930739
930740
930741
930742
930743
930744
930745
930746
930747
930748
930749
930750
930751
930752
930753
930754
930755
930756
930757
930758
930759
930760
930761
930762
930763
930764
930765
930766
930767
930768
930769
930770
930771
930772
930773
930774
930775
930776
930778
930779
930780
930781
930782
930783
930784
930785
930786
930787
930788
930789
930790
930791
930792
930793
930794
930795
930796
930797
930798
930799
930800
930801
930802
930803
930804
930805
930806
930807
930808
930809
930810
930811
930812
930813
930814
930815
930816
930817
930818
930819
930820
930821
930822
930823
930824
930825
930826
930827
930828
930829
930830
930831
930832
930833
930834
930835
930836
930837
930838
930839
930840
930841
930842
930843
930844
930845
930846
930847
930848
930849
930850
930851
930852
930853
930854
930855
930856
930857
930858
930859
930860
930861
930862
930863
930864
930865
930866
930867
930868
930869
930870
930871
930872
930873
930874
930875
930876
930877
930878
930879
930880
930881
930882
930883
930884
930885
930886
930887
930889
930890
930891
930892
930893
930894
930895
930896
930897
930898
930899
930900
930901
930902
930903
930904
930905
930906
930907
930908
930909
930910
930911
930912
930913
930914
930915
930916
930917
930918
930919
930920
930921
930922
930923
930924
930925
930926
930927
930928
930929
930930
930931
930932
930933
930934
930935
930936
930937
930938
930939
930940
930941
930942
930943
930944
930945
930946
930947
930948
930949
930950
930951
930952
930953
930954
930955
930956
930957
930958
930959
930960
930961
930962
930963
930964
930965
930966
930967
930968
930969
930970
930971
930972
930973
930974
930975
930976
930977
930978
930979
930980
930981
930982
930983
930984
930985
930986
930987
930988
930989
930990
930991
930992
930993
930994
930995
930996
930997
930998
931001
931002
931003
931004
931005
931006
931007
931008
931009
931010
931011
931012
931013
931014
931015
931016
931017
931018
931019
931020
931021
931022
931023
931024
931025
931026
931027
931028
931029
931030
931031
931032
931033
931034
931035
931036
931037
931038
931039
931040
931041
931042
931043
931044
931045
931046
931047
931048
931049
931050
931051
931052
931053
931054
931055
931056
931057
931058
931059
931060
931061
931062
931063
931064
931065
931066
931067
931068
931069
931070
931071
931072
931073
931074
931075
931076
931077
931078
931079
931080
931081
931082
931083
931084
931085
931086
931087
931088
931089
931090
931091
931092
931093
931094
931095
931096
931097
931098
931099
931100
931101
931102
931103
931104
931105
931106
931107
931108
931109
931120
931121
931122
931123
931124
931125
931126
931127
931128
931129
931130
931131
931132
931133
931134
931135
931136
931137
931138
931139
931140
931141
931142
931143
931144
931145
931146
931147
931148
931149
931150
931151
931152
931153
931154
931155
931156
931157
931158
931159
931160
931161
931162
931163
931164
931165
931166
931167
931168
931169
931170
931171
931172
931173
931174
931175
931176
931177
931178
931179
931180
931181
931182
931183
931184
931185
931186
931187
931188
931189
931190
931191
931192
931193
931194
931195
931196
931197
931198
931199
931200
931201
931202
931203
931204
931205
931206
931207
931208
931209
931210
931211
931212
931213
931214
931215
931216
931217
931218
931219
931220
931221
931223
931224
931225
931226
931227
931228
931229
931230
931231
931232
931233
931234
931235
931236
931237
931238
931239
931240
931241
931242
931243
931244
931245
931246
931247
931248
931249
931250
931251
931252
931253
931254
931255
931256
931257
931258
931259
931260
931261
931262
931263
931264
931265
931266
931267
931268
931269
931270
931271
931272
931273
931274
931275
931276
931277
931278
931279
931280
931281
931282
931283
931284
931285
931286
931287
931288
931289
931290
931291
931292
931293
931294
931295
931296
931297
931298
931299
931300
931301
931302
931303
931304
931305
931306
931307
931308
931309
931310
931311
931312
931313
931314
931315
931316
931317
931318
931319
931320
931321
931322
931323
931324
931325
931326
931327
931328
931329
931330
931331
931332
931334
931335
931336
931337
931338
931339
931340
931341
931342
931343
931344
931345
