931346
931347
931348
931349
931350
931351
931352
931353
931354
931355
931356
931357
931358
931359
931360
931361
931362
931363
931364
931365
931366
931367
931368
931369
931370
931371
931372
931373
931374
931375
931376
931377
931378
931379
931380
931381
931382
931383
931384
931385
931386
931387
931388
931389
931390
931391
931392
931393
931394
931395
931396
931397
931398
931399
931400
931401
931402
931403
931404
931405
931406
931407
931408
931409
931410
931411
931412
931413
931414
931415
931416
931417
931418
931419
931420
931421
931422
931423
931424
931425
931426
931427
931428
931429
931430
931431
931432
931433
931434
931435
931436
931437
931438
931439
931440
931441
931442
931443
931445
931446
931447
931448
931449
931450
931451
931452
931453
931454
931455
931456
931457
931458
931459
931460
931461
931462
931463
931464
931465
931466
931467
931468
931469
931470
931471
931472
931473
931474
931475
931476
931477
931478
931479
931480
931481
931482
931483
931484
931485
931486
931487
931488
931489
931490
931491
931492
931493
931494
931495
931496
931497
931498
931499
931500
931501
931502
931503
931504
931505
931506
931507
931508
931509
931510
931511
931512
931513
931514
931515
931516
931517
931518
931519
931520
931521
931522
931523
931524
931525
931526
931527
931528
931529
931530
931531
931532
931533
931534
931535
931536
931537
931538
931539
931540
931541
931542
931543
931544
931545
931546
931547
931548
931549
931550
931551
931552
931553
931554
931556
931557
931558
931559
931560
931561
931562
931563
931564
931565
931566
931567
931568
931569
931570
931571
931572
931573
931574
931575
931576
931577
931578
931579
931580
931581
931582
931583
931584
931585
931586
931587
931588
931589
931590
931591
931592
931593
931594
931595
931596
931597
931598
931599
931600
931601
931602
931603
931604
931605
931606
931607
931608
931609
931610
931611
931612
931613
931614
931615
931616
931617
931618
931619
931620
931621
931622
931623
931624
931625
931626
931627
931628
931629
931630
931631
931632
931633
931634
931635
931636
931637
931638
931639
931640
931641
931642
931643
931644
931645
931646
931647
931648
931649
931650
931651
931652
931653
931654
931655
931656
931657
931658
931659
931660
931661
931662
931663
931664
931665
931667
931668
931669
931670
931671
931672
931673
931674
931675
931676
931677
931678
931679
931680
931681
931682
931683
931684
931685
931686
931687
931688
931689
931690
931691
931692
931693
931694
931695
931696
931697
931698
931699
931700
931701
931702
931703
931704
931705
931706
931707
931708
931709
931710
931711
931712
931713
931714
931715
931716
931717
931718
931719
931720
931721
931722
931723
931724
931725
931726
931727
931728
931729
931730
931731
931732
931733
931734
931735
931736
931737
931738
931739
931740
931741
931742
931743
931744
931745
931746
931747
931748
931749
931750
931751
931752
931753
931754
931755
931756
931757
931758
931759
931760
931761
931762
931763
931764
931765
931766
931767
931768
931769
931770
931771
931772
931773
931774
931775
931776
931778
931779
931780
931781
931782
931783
931784
931785
931786
931787
931788
931789
931790
931791
931792
931793
931794
931795
931796
931797
931798
931799
931800
931801
931802
931803
931804
931805
931806
931807
931808
931809
931810
931811
931812
931813
931814
931815
931816
931817
931818
931819
931820
931821
931822
931823
931824
931825
931826
931827
931828
931829
931830
931831
931832
931833
931834
931835
931836
931837
931838
931839
931840
931841
931842
931843
931844
931845
931846
931847
931848
931849
931850
931851
931852
931853
931854
931855
931856
931857
931858
931859
931860
931861
931862
931863
931864
931865
931866
931867
931868
931869
931870
931871
931872
931873
931874
931875
931876
931877
931878
931879
931880
931881
931882
931883
931884
931885
931886
931887
931889
931890
931891
931892
931893
931894
931895
931896
931897
931898
931899
931900
931901
931902
931903
931904
931905
931906
931907
931908
931909
931910
931911
931912
931913
931914
931915
931916
931917
931918
931919
931920
931921
931922
931923
931924
931925
931926
931927
931928
931929
931930
931931
931932
931933
931934
931935
931936
931937
931938
931939
931940
931941
931942
931943
931944
931945
931946
931947
931948
931949
931950
931951
931952
931953
931954
931955
931956
931957
931958
931959
931960
931961
931962
931963
931964
931965
931966
931967
931968
931969
931970
931971
931972
931973
931974
931975
931976
931977
931978
931979
931980
931981
931982
931983
931984
931985
931986
931987
931988
931989
931990
931991
931992
931993
931994
931995
931996
931997
931998
932001
932002
932003
932004
932005
932006
932007
932008
932009
932010
932011
932012
932013
932014
932015
932016
932017
932018
932019
932020
932021
932022
932023
932024
932025
932026
932027
932028
932029
932030
932031
932032
932033
932034
932035
932036
932037
932038
932039
932040
932041
932042
932043
932044
932045
932046
932047
932048
932049
932050
932051
932052
932053
932054
932055
932056
932057
932058
932059
932060
932061
932062
932063
932064
932065
932066
932067
932068
932069
932070
932071
932072
932073
932074
932075
932076
932077
932078
932079
932080
932081
932082
932083
932084
932085
932086
932087
932088
932089
932090
932091
932092
932093
932094
932095
932096
932097
932098
932099
932100
932101
932102
932103
932104
932105
932106
932107
932108
932109
932110
932112
932113
932114
932115
932116
932117
932118
932119
932120
932121
932122
932123
932124
932125
932126
932127
932128
932129
932130
932131
932132
932133
932134
932135
932136
932137
932138
932139
932140
932141
932142
932143
932144
932145
932146
932147
932148
932149
932150
932151
932152
932153
932154
932155
932156
932157
932158
932159
932160
932161
932162
932163
932164
932165
932166
932167
932168
932169
932170
932171
932172
932173
932174
932175
932176
932177
932178
932179
932180
932181
932182
932183
932184
932185
932186
932187
932188
932189
932190
932191
932192
932193
932194
932195
932196
932197
932198
932199
932200
932201
932202
932203
932204
932205
932206
932207
932208
932209
932210
932211
932212
932213
932214
932215
932216
932217
932218
932219
932230
932231
932232
932233
932234
932235
932236
932237
932238
932239
932240
932241
932242
932243
932244
932245
932246
932247
932248
932249
932250
932251
932252
932253
932254
932255
932256
932257
932258
932259
932260
932261
932262
932263
932264
932265
932266
932267
932268
932269
932270
932271
932272
932273
932274
932275
932276
932277
932278
932279
932280
932281
932282
932283
932284
932285
932286
932287
932288
932289
932290
932291
932292
932293
932294
932295
932296
932297
932298
932299
932300
932301
932302
932303
932304
932305
932306
932307
932308
932309
932310
932311
932312
932313
932314
932315
932316
932317
932318
932319
932320
932321
932322
932323
932324
932325
932326
932327
932328
932329
932330
932331
932332
932334
932335
932336
932337
932338
932339
932340
932341
932342
932343
932344
932345
932346
932347
932348
932349
932350
932351
932352
932353
932354
932355
932356
932357
932358
932359
932360
932361
932362
932363
932364
932365
932366
932367
932368
932369
932370
932371
932372
932373
932374
932375
932376
932377
932378
932379
932380
932381
932382
932383
932384
932385
932386
932387
932388
932389
932390
932391
932392
932393
932394
932395
932396
932397
932398
932399
932400
932401
932402
932403
932404
932405
932406
932407
932408
932409
932410
932411
932412
932413
932414
932415
932416
932417
932418
932419
932420
932421
932422
932423
932424
932425
932426
932427
932428
932429
932430
932431
932432
932433
932434
932435
932436
932437
932438
932439
932440
932441
932442
932443
932445
932446
932447
932448
932449
932450
932451
932452
932453
932454
932455
932456
932457
932458
932459
932460
932461
932462
932463
932464
932465
932466
932467
932468
932469
932470
932471
932472
932473
932474
932475
932476
932477
932478
932479
932480
932481
932482
932483
932484
932485
932486
932487
932488
932489
932490
932491
932492
932493
932494
932495
932496
932497
932498
932499
932500
932501
932502
932503
932504
932505
932506
932507
932508
