932509
932510
932511
932512
932513
932514
932515
932516
932517
932518
932519
932520
932521
932522
932523
932524
932525
932526
932527
932528
932529
932530
932531
932532
932533
932534
932535
932536
932537
932538
932539
932540
932541
932542
932543
932544
932545
932546
932547
932548
932549
932550
932551
932552
932553
932554
932556
932557
932558
932559
932560
932561
932562
932563
932564
932565
932566
932567
932568
932569
932570
932571
932572
932573
932574
932575
932576
932577
932578
932579
932580
932581
932582
932583
932584
932585
932586
932587
932588
932589
932590
932591
932592
932593
932594
932595
932596
932597
932598
932599
932600
932601
932602
932603
932604
932605
932606
932607
932608
932609
932610
932611
932612
932613
932614
932615
932616
932617
932618
932619
932620
932621
932622
932623
932624
932625
932626
932627
932628
932629
932630
932631
932632
932633
932634
932635
932636
932637
932638
932639
932640
932641
932642
932643
932644
932645
932646
932647
932648
932649
932650
932651
932652
932653
932654
932655
932656
932657
932658
932659
932660
932661
932662
932663
932664
932665
932667
932668
932669
932670
932671
932672
932673
932674
932675
932676
932677
932678
932679
932680
932681
932682
932683
932684
932685
932686
932687
932688
932689
932690
932691
932692
932693
932694
932695
932696
932697
932698
932699
932700
932701
932702
932703
932704
932705
932706
932707
932708
932709
932710
932711
932712
932713
932714
932715
932716
932717
932718
932719
932720
932721
932722
932723
932724
932725
932726
932727
932728
932729
932730
932731
932732
932733
932734
932735
932736
932737
932738
932739
932740
932741
932742
932743
932744
932745
932746
932747
932748
932749
932750
932751
932752
932753
932754
932755
932756
932757
932758
932759
932760
932761
932762
932763
932764
932765
932766
932767
932768
932769
932770
932771
932772
932773
932774
932775
932776
932778
932779
932780
932781
932782
932783
932784
932785
932786
932787
932788
932789
932790
932791
932792
932793
932794
932795
932796
932797
932798
932799
932800
932801
932802
932803
932804
932805
932806
932807
932808
932809
932810
932811
932812
932813
932814
932815
932816
932817
932818
932819
932820
932821
932822
932823
932824
932825
932826
932827
932828
932829
932830
932831
932832
932833
932834
932835
932836
932837
932838
932839
932840
932841
932842
932843
932844
932845
932846
932847
932848
932849
932850
932851
932852
932853
932854
932855
932856
932857
932858
932859
932860
932861
932862
932863
932864
932865
932866
932867
932868
932869
932870
932871
932872
932873
932874
932875
932876
932877
932878
932879
932880
932881
932882
932883
932884
932885
932886
932887
932889
932890
932891
932892
932893
932894
932895
932896
932897
932898
932899
932900
932901
932902
932903
932904
932905
932906
932907
932908
932909
932910
932911
932912
932913
932914
932915
932916
932917
932918
932919
932920
932921
932922
932923
932924
932925
932926
932927
932928
932929
932930
932931
932932
932933
932934
932935
932936
932937
932938
932939
932940
932941
932942
932943
932944
932945
932946
932947
932948
932949
932950
932951
932952
932953
932954
932955
932956
932957
932958
932959
932960
932961
932962
932963
932964
932965
932966
932967
932968
932969
932970
932971
932972
932973
932974
932975
932976
932977
932978
932979
932980
932981
932982
932983
932984
932985
932986
932987
932988
932989
932990
932991
932992
932993
932994
932995
932996
932997
932998
933001
933002
933003
933004
933005
933006
933007
933008
933009
933010
933011
933012
933013
933014
933015
933016
933017
933018
933019
933020
933021
933022
933023
933024
933025
933026
933027
933028
933029
933030
933031
933032
933033
933034
933035
933036
933037
933038
933039
933040
933041
933042
933043
933044
933045
933046
933047
933048
933049
933050
933051
933052
933053
933054
933055
933056
933057
933058
933059
933060
933061
933062
933063
933064
933065
933066
933067
933068
933069
933070
933071
933072
933073
933074
933075
933076
933077
933078
933079
933080
933081
933082
933083
933084
933085
933086
933087
933088
933089
933090
933091
933092
933093
933094
933095
933096
933097
933098
933099
933100
933101
933102
933103
933104
933105
933106
933107
933108
933109
933110
933112
933113
933114
933115
933116
933117
933118
933119
933120
933121
933122
933123
933124
933125
933126
933127
933128
933129
933130
933131
933132
933133
933134
933135
933136
933137
933138
933139
933140
933141
933142
933143
933144
933145
933146
933147
933148
933149
933150
933151
933152
933153
933154
933155
933156
933157
933158
933159
933160
933161
933162
933163
933164
933165
933166
933167
933168
933169
933170
933171
933172
933173
933174
933175
933176
933177
933178
933179
933180
933181
933182
933183
933184
933185
933186
933187
933188
933189
933190
933191
933192
933193
933194
933195
933196
933197
933198
933199
933200
933201
933202
933203
933204
933205
933206
933207
933208
933209
933210
933211
933212
933213
933214
933215
933216
933217
933218
933219
933220
933221
933223
933224
933225
933226
933227
933228
933229
933230
933231
933232
933233
933234
933235
933236
933237
933238
933239
933240
933241
933242
933243
933244
933245
933246
933247
933248
933249
933250
933251
933252
933253
933254
933255
933256
933257
933258
933259
933260
933261
933262
933263
933264
933265
933266
933267
933268
933269
933270
933271
933272
933273
933274
933275
933276
933277
933278
933279
933280
933281
933282
933283
933284
933285
933286
933287
933288
933289
933290
933291
933292
933293
933294
933295
933296
933297
933298
933299
933400
933401
933402
933403
933404
933405
933406
933407
933408
933409
933410
933411
933412
933413
933414
933415
933416
933417
933418
933419
933420
933421
933422
933423
933424
933425
933426
933427
933428
933429
933430
933431
933432
933433
933434
933435
933436
933437
933438
933439
933440
933441
933442
933443
933445
933446
933447
933448
933449
933450
933451
933452
933453
933454
933455
933456
933457
933458
933459
933460
933461
933462
933463
933464
933465
933466
933467
933468
933469
933470
933471
933472
933473
933474
933475
933476
933477
933478
933479
933480
933481
933482
933483
933484
933485
933486
933487
933488
933489
933490
933491
933492
933493
933494
933495
933496
933497
933498
933499
933500
933501
933502
933503
933504
933505
933506
933507
933508
933509
933510
933511
933512
933513
933514
933515
933516
933517
933518
933519
933520
933521
933522
933523
933524
933525
933526
933527
933528
933529
933530
933531
933532
933533
933534
933535
933536
933537
933538
933539
933540
933541
933542
933543
933544
933545
933546
933547
933548
933549
933550
933551
933552
933553
933554
933556
933557
933558
933559
933560
933561
933562
933563
933564
933565
933566
933567
933568
933569
933570
933571
933572
933573
933574
933575
933576
933577
933578
933579
933580
933581
933582
933583
933584
933585
933586
933587
933588
933589
933590
933591
933592
933593
933594
933595
933596
933597
933598
933599
933600
933601
933602
933603
933604
933605
933606
933607
933608
933609
933610
933611
933612
933613
933614
933615
933616
933617
933618
933619
933620
933621
933622
933623
933624
933625
933626
933627
933628
933629
933630
933631
933632
933633
933634
933635
933636
933637
933638
933639
933640
933641
933642
933643
933644
933645
933646
933647
933648
933649
933650
933651
933652
933653
933654
933655
933656
933657
933658
933659
933660
933661
933662
933663
933664
933665
933667
933668
933669
933670
933671
933672
933673
933674
933675
933676
933677
933678
933679
933680
933681
933682
933683
933684
933685
933686
933687
933688
933689
933690
933691
933692
933693
933694
933695
933696
933697
933698
933699
933700
933701
933702
933703
933704
933705
933706
933707
933708
933709
933710
933711
933712
933713
933714
933715
933716
933717
933718
933719
933720
933721
933722
933723
933724
933725
933726
933727
933728
933729
933730
933731
933732
933733
933734
933735
933736
933737
933738
933739
933740
933741
933742
933743
933744
933745
933746
933747
933748
933749
933750
933751
933752
933753
933754
933755
933756
933757
933758
933759
933760
933761
933762
