933763
933764
933765
933766
933767
933768
933769
933770
933771
933772
933773
933774
933775
933776
933778
933779
933780
933781
933782
933783
933784
933785
933786
933787
933788
933789
933790
933791
933792
933793
933794
933795
933796
933797
933798
933799
933800
933801
933802
933803
933804
933805
933806
933807
933808
933809
933810
933811
933812
933813
933814
933815
933816
933817
933818
933819
933820
933821
933822
933823
933824
933825
933826
933827
933828
933829
933830
933831
933832
933833
933834
933835
933836
933837
933838
933839
933840
933841
933842
933843
933844
933845
933846
933847
933848
933849
933850
933851
933852
933853
933854
933855
933856
933857
933858
933859
933860
933861
933862
933863
933864
933865
933866
933867
933868
933869
933870
933871
933872
933873
933874
933875
933876
933877
933878
933879
933880
933881
933882
933883
933884
933885
933886
933887
933889
933890
933891
933892
933893
933894
933895
933896
933897
933898
933899
933900
933901
933902
933903
933904
933905
933906
933907
933908
933909
933910
933911
933912
933913
933914
933915
933916
933917
933918
933919
933920
933921
933922
933923
933924
933925
933926
933927
933928
933929
933930
933931
933932
933933
933934
933935
933936
933937
933938
933939
933940
933941
933942
933943
933944
933945
933946
933947
933948
933949
933950
933951
933952
933953
933954
933955
933956
933957
933958
933959
933960
933961
933962
933963
933964
933965
933966
933967
933968
933969
933970
933971
933972
933973
933974
933975
933976
933977
933978
933979
933980
933981
933982
933983
933984
933985
933986
933987
933988
933989
933990
933991
933992
933993
933994
933995
933996
933997
933998
934001
934002
934003
934004
934005
934006
934007
934008
934009
934010
934011
934012
934013
934014
934015
934016
934017
934018
934019
934020
934021
934022
934023
934024
934025
934026
934027
934028
934029
934030
934031
934032
934033
934034
934035
934036
934037
934038
934039
934040
934041
934042
934043
934044
934045
934046
934047
934048
934049
934050
934051
934052
934053
934054
934055
934056
934057
934058
934059
934060
934061
934062
934063
934064
934065
934066
934067
934068
934069
934070
934071
934072
934073
934074
934075
934076
934077
934078
934079
934080
934081
934082
934083
934084
934085
934086
934087
934088
934089
934090
934091
934092
934093
934094
934095
934096
934097
934098
934099
934100
934101
934102
934103
934104
934105
934106
934107
934108
934109
934110
934112
934113
934114
934115
934116
934117
934118
934119
934120
934121
934122
934123
934124
934125
934126
934127
934128
934129
934130
934131
934132
934133
934134
934135
934136
934137
934138
934139
934140
934141
934142
934143
934144
934145
934146
934147
934148
934149
934150
934151
934152
934153
934154
934155
934156
934157
934158
934159
934160
934161
934162
934163
934164
934165
934166
934167
934168
934169
934170
934171
934172
934173
934174
934175
934176
934177
934178
934179
934180
934181
934182
934183
934184
934185
934186
934187
934188
934189
934190
934191
934192
934193
934194
934195
934196
934197
934198
934199
934200
934201
934202
934203
934204
934205
934206
934207
934208
934209
934210
934211
934212
934213
934214
934215
934216
934217
934218
934219
934220
934221
934223
934224
934225
934226
934227
934228
934229
934230
934231
934232
934233
934234
934235
934236
934237
934238
934239
934240
934241
934242
934243
934244
934245
934246
934247
934248
934249
934250
934251
934252
934253
934254
934255
934256
934257
934258
934259
934260
934261
934262
934263
934264
934265
934266
934267
934268
934269
934270
934271
934272
934273
934274
934275
934276
934277
934278
934279
934280
934281
934282
934283
934284
934285
934286
934287
934288
934289
934290
934291
934292
934293
934294
934295
934296
934297
934298
934299
934300
934301
934302
934303
934304
934305
934306
934307
934308
934309
934310
934311
934312
934313
934314
934315
934316
934317
934318
934319
934320
934321
934322
934323
934324
934325
934326
934327
934328
934329
934330
934331
934332
934334
934335
934336
934337
934338
934339
934340
934341
934342
934343
934344
934345
934346
934347
934348
934349
934350
934351
934352
934353
934354
934355
934356
934357
934358
934359
934360
934361
934362
934363
934364
934365
934366
934367
934368
934369
934370
934371
934372
934373
934374
934375
934376
934377
934378
934379
934380
934381
934382
934383
934384
934385
934386
934387
934388
934389
934390
934391
934392
934393
934394
934395
934396
934397
934398
934399
934400
934401
934402
934403
934404
934405
934406
934407
934408
934409
934410
934411
934412
934413
934414
934415
934416
934417
934418
934419
934420
934421
934422
934423
934424
934425
934426
934427
934428
934429
934430
934431
934432
934433
934434
934435
934436
934437
934438
934439
934450
934451
934452
934453
934454
934455
934456
934457
934458
934459
934460
934461
934462
934463
934464
934465
934466
934467
934468
934469
934470
934471
934472
934473
934474
934475
934476
934477
934478
934479
934480
934481
934482
934483
934484
934485
934486
934487
934488
934489
934490
934491
934492
934493
934494
934495
934496
934497
934498
934499
934500
934501
934502
934503
934504
934505
934506
934507
934508
934509
934510
934511
934512
934513
934514
934515
934516
934517
934518
934519
934520
934521
934522
934523
934524
934525
934526
934527
934528
934529
934530
934531
934532
934533
934534
934535
934536
934537
934538
934539
934540
934541
934542
934543
934544
934545
934546
934547
934548
934549
934550
934551
934552
934553
934554
934556
934557
934558
934559
934560
934561
934562
934563
934564
934565
934566
934567
934568
934569
934570
934571
934572
934573
934574
934575
934576
934577
934578
934579
934580
934581
934582
934583
934584
934585
934586
934587
934588
934589
934590
934591
934592
934593
934594
934595
934596
934597
934598
934599
934600
934601
934602
934603
934604
934605
934606
934607
934608
934609
934610
934611
934612
934613
934614
934615
934616
934617
934618
934619
934620
934621
934622
934623
934624
934625
934626
934627
934628
934629
934630
934631
934632
934633
934634
934635
934636
934637
934638
934639
934640
934641
934642
934643
934644
934645
934646
934647
934648
934649
934650
934651
934652
934653
934654
934655
934656
934657
934658
934659
934660
934661
934662
934663
934664
934665
934667
934668
934669
934670
934671
934672
934673
934674
934675
934676
934677
934678
934679
934680
934681
934682
934683
934684
934685
934686
934687
934688
934689
934690
934691
934692
934693
934694
934695
934696
934697
934698
934699
934700
934701
934702
934703
934704
934705
934706
934707
934708
934709
934710
934711
934712
934713
934714
934715
934716
934717
934718
934719
934720
934721
934722
934723
934724
934725
934726
934727
934728
934729
934730
934731
934732
934733
934734
934735
934736
934737
934738
934739
934740
934741
934742
934743
934744
934745
934746
934747
934748
934749
934750
934751
934752
934753
934754
934755
934756
934757
934758
934759
934760
934761
934762
934763
934764
934765
934766
934767
934768
934769
934770
934771
934772
934773
934774
934775
934776
934778
934779
934780
934781
934782
934783
934784
934785
934786
934787
934788
934789
934790
934791
934792
934793
934794
934795
934796
934797
934798
934799
934800
934801
934802
934803
934804
934805
934806
934807
934808
934809
934810
934811
934812
934813
934814
934815
934816
934817
934818
934819
934820
934821
934822
934823
934824
934825
934826
934827
934828
934829
934830
934831
934832
934833
934834
934835
934836
934837
934838
934839
934840
934841
934842
934843
934844
934845
934846
934847
934848
934849
934850
934851
934852
934853
934854
934855
934856
934857
934858
934859
934860
934861
934862
934863
934864
934865
934866
934867
934868
934869
934870
934871
934872
934873
934874
934875
934876
934877
934878
934879
934880
934881
934882
934883
934884
934885
934886
934887
934889
934890
934891
934892
934893
934894
934895
934896
934897
934898
934899
934900
934901
934902
934903
934904
934905
934906
934907
934908
934909
934910
934911
934912
934913
934914
934915
934916
934917
934918
934919
934920
934921
934922
934923
934924
934925
934926
