934927
934928
934929
934930
934931
934932
934933
934934
934935
934936
934937
934938
934939
934940
934941
934942
934943
934944
934945
934946
934947
934948
934949
934950
934951
934952
934953
934954
934955
934956
934957
934958
934959
934960
934961
934962
934963
934964
934965
934966
934967
934968
934969
934970
934971
934972
934973
934974
934975
934976
934977
934978
934979
934980
934981
934982
934983
934984
934985
934986
934987
934988
934989
934990
934991
934992
934993
934994
934995
934996
934997
934998
935001
935002
935003
935004
935005
935006
935007
935008
935009
935010
935011
935012
935013
935014
935015
935016
935017
935018
935019
935020
935021
935022
935023
935024
935025
935026
935027
935028
935029
935030
935031
935032
935033
935034
935035
935036
935037
935038
935039
935040
935041
935042
935043
935044
935045
935046
935047
935048
935049
935050
935051
935052
935053
935054
935055
935056
935057
935058
935059
935060
935061
935062
935063
935064
935065
935066
935067
935068
935069
935070
935071
935072
935073
935074
935075
935076
935077
935078
935079
935080
935081
935082
935083
935084
935085
935086
935087
935088
935089
935090
935091
935092
935093
935094
935095
935096
935097
935098
935099
935100
935101
935102
935103
935104
935105
935106
935107
935108
935109
935110
935112
935113
935114
935115
935116
935117
935118
935119
935120
935121
935122
935123
935124
935125
935126
935127
935128
935129
935130
935131
935132
935133
935134
935135
935136
935137
935138
935139
935140
935141
935142
935143
935144
935145
935146
935147
935148
935149
935150
935151
935152
935153
935154
935155
935156
935157
935158
935159
935160
935161
935162
935163
935164
935165
935166
935167
935168
935169
935170
935171
935172
935173
935174
935175
935176
935177
935178
935179
935180
935181
935182
935183
935184
935185
935186
935187
935188
935189
935190
935191
935192
935193
935194
935195
935196
935197
935198
935199
935200
935201
935202
935203
935204
935205
935206
935207
935208
935209
935210
935211
935212
935213
935214
935215
935216
935217
935218
935219
935220
935221
935223
935224
935225
935226
935227
935228
935229
935230
935231
935232
935233
935234
935235
935236
935237
935238
935239
935240
935241
935242
935243
935244
935245
935246
935247
935248
935249
935250
935251
935252
935253
935254
935255
935256
935257
935258
935259
935260
935261
935262
935263
935264
935265
935266
935267
935268
935269
935270
935271
935272
935273
935274
935275
935276
935277
935278
935279
935280
935281
935282
935283
935284
935285
935286
935287
935288
935289
935290
935291
935292
935293
935294
935295
935296
935297
935298
935299
935300
935301
935302
935303
935304
935305
935306
935307
935308
935309
935310
935311
935312
935313
935314
935315
935316
935317
935318
935319
935320
935321
935322
935323
935324
935325
935326
935327
935328
935329
935330
935331
935332
935334
935335
935336
935337
935338
935339
935340
935341
935342
935343
935344
935345
935346
935347
935348
935349
935350
935351
935352
935353
935354
935355
935356
935357
935358
935359
935360
935361
935362
935363
935364
935365
935366
935367
935368
935369
935370
935371
935372
935373
935374
935375
935376
935377
935378
935379
935380
935381
935382
935383
935384
935385
935386
935387
935388
935389
935390
935391
935392
935393
935394
935395
935396
935397
935398
935399
935400
935401
935402
935403
935404
935405
935406
935407
935408
935409
935410
935411
935412
935413
935414
935415
935416
935417
935418
935419
935420
935421
935422
935423
935424
935425
935426
935427
935428
935429
935430
935431
935432
935433
935434
935435
935436
935437
935438
935439
935440
935441
935442
935443
935445
935446
935447
935448
935449
935450
935451
935452
935453
935454
935455
935456
935457
935458
935459
935460
935461
935462
935463
935464
935465
935466
935467
935468
935469
935470
935471
935472
935473
935474
935475
935476
935477
935478
935479
935480
935481
935482
935483
935484
935485
935486
935487
935488
935489
935490
935491
935492
935493
935494
935495
935496
935497
935498
935499
935500
935501
935502
935503
935504
935505
935506
935507
935508
935509
935510
935511
935512
935513
935514
935515
935516
935517
935518
935519
935520
935521
935522
935523
935524
935525
935526
935527
935528
935529
935530
935531
935532
935533
935534
935535
935536
935537
935538
935539
935540
935541
935542
935543
935544
935545
935546
935547
935548
935549
935560
935561
935562
935563
935564
935565
935566
935567
935568
935569
935570
935571
935572
935573
935574
935575
935576
935577
935578
935579
935580
935581
935582
935583
935584
935585
935586
935587
935588
935589
935590
935591
935592
935593
935594
935595
935596
935597
935598
935599
935600
935601
935602
935603
935604
935605
935606
935607
935608
935609
935610
935611
935612
935613
935614
935615
935616
935617
935618
935619
935620
935621
935622
935623
935624
935625
935626
935627
935628
935629
935630
935631
935632
935633
935634
935635
935636
935637
935638
935639
935640
935641
935642
935643
935644
935645
935646
935647
935648
935649
935650
935651
935652
935653
935654
935655
935656
935657
935658
935659
935660
935661
935662
935663
935664
935665
935667
935668
935669
935670
935671
935672
935673
935674
935675
935676
935677
935678
935679
935680
935681
935682
935683
935684
935685
935686
935687
935688
935689
935690
935691
935692
935693
935694
935695
935696
935697
935698
935699
935700
935701
935702
935703
935704
935705
935706
935707
935708
935709
935710
935711
935712
935713
935714
935715
935716
935717
935718
935719
935720
935721
935722
935723
935724
935725
935726
935727
935728
935729
935730
935731
935732
935733
935734
935735
935736
935737
935738
935739
935740
935741
935742
935743
935744
935745
935746
935747
935748
935749
935750
935751
935752
935753
935754
935755
935756
935757
935758
935759
935760
935761
935762
935763
935764
935765
935766
935767
935768
935769
935770
935771
935772
935773
935774
935775
935776
935778
935779
935780
935781
935782
935783
935784
935785
935786
935787
935788
935789
935790
935791
935792
935793
935794
935795
935796
935797
935798
935799
935800
935801
935802
935803
935804
935805
935806
935807
935808
935809
935810
935811
935812
935813
935814
935815
935816
935817
935818
935819
935820
935821
935822
935823
935824
935825
935826
935827
935828
935829
935830
935831
935832
935833
935834
935835
935836
935837
935838
935839
935840
935841
935842
935843
935844
935845
935846
935847
935848
935849
935850
935851
935852
935853
935854
935855
935856
935857
935858
935859
935860
935861
935862
935863
935864
935865
935866
935867
935868
935869
935870
935871
935872
935873
935874
935875
935876
935877
935878
935879
935880
935881
935882
935883
935884
935885
935886
935887
935889
935890
935891
935892
935893
935894
935895
935896
935897
935898
935899
935900
935901
935902
935903
935904
935905
935906
935907
935908
935909
935910
935911
935912
935913
935914
935915
935916
935917
935918
935919
935920
935921
935922
935923
935924
935925
935926
935927
935928
935929
935930
935931
935932
935933
935934
935935
935936
935937
935938
935939
935940
935941
935942
935943
935944
935945
935946
935947
935948
935949
935950
935951
935952
935953
935954
935955
935956
935957
935958
935959
935960
935961
935962
935963
935964
935965
935966
935967
935968
935969
935970
935971
935972
935973
935974
935975
935976
935977
935978
935979
935980
935981
935982
935983
935984
935985
935986
935987
935988
935989
935990
935991
935992
935993
935994
935995
935996
935997
935998
936001
936002
936003
936004
936005
936006
936007
936008
936009
936010
936011
936012
936013
936014
936015
936016
936017
936018
936019
936020
936021
936022
936023
936024
936025
936026
936027
936028
936029
936030
936031
936032
936033
936034
936035
936036
936037
936038
936039
936040
936041
936042
936043
936044
936045
936046
936047
936048
936049
936050
936051
936052
936053
936054
936055
936056
936057
936058
936059
936060
936061
936062
936063
936064
936065
936066
936067
936068
936069
936070
936071
936072
936073
936074
936075
936076
936077
936078
936079
936080
936081
936082
936083
936084
936085
936086
936087
936088
936089
936090
