668473
668474
668475
668476
668477
668478
668479
668480
668481
668482
668483
668484
668485
668486
668487
668488
668489
668490
668491
668492
668493
668494
668495
668496
668497
668498
668499
668500
668501
668502
668503
668504
668505
668506
668507
668508
668509
668510
668511
668512
668513
668514
668515
668516
668517
668518
668519
668520
668521
668522
668523
668524
668525
668526
668527
668528
668529
668530
668531
668532
668533
668534
668535
668536
668537
668538
668539
668540
668541
668542
668543
668544
668545
668546
668547
668548
668549
668550
668551
668552
668553
668554
668556
668557
668558
668559
668560
668561
668562
668563
668564
668565
668566
668567
668568
668569
668570
668571
668572
668573
668574
668575
668576
668577
668578
668579
668580
668581
668582
668583
668584
668585
668586
668587
668588
668589
668590
668591
668592
668593
668594
668595
668596
668597
668598
668599
668600
668601
668602
668603
668604
668605
668606
668607
668608
668609
668610
668611
668612
668613
668614
668615
668616
668617
668618
668619
668620
668621
668622
668623
668624
668625
668626
668627
668628
668629
668630
668631
668632
668633
668634
668635
668636
668637
668638
668639
668640
668641
668642
668643
668644
668645
668646
668647
668648
668649
668650
668651
668652
668653
668654
668655
668656
668657
668658
668659
668660
668661
668662
668663
668664
668665
668667
668668
668669
668670
668671
668672
668673
668674
668675
668676
668677
668678
668679
668680
668681
668682
668683
668684
668685
668686
668687
668688
668689
668690
668691
668692
668693
668694
668695
668696
668697
668698
668699
668700
668701
668702
668703
668704
668705
668706
668707
668708
668709
668710
668711
668712
668713
668714
668715
668716
668717
668718
668719
668720
668721
668722
668723
668724
668725
668726
668727
668728
668729
668730
668731
668732
668733
668734
668735
668736
668737
668738
668739
668740
668741
668742
668743
668744
668745
668746
668747
668748
668749
668750
668751
668752
668753
668754
668755
668756
668757
668758
668759
668760
668761
668762
668763
668764
668765
668766
668767
668768
668769
668770
668771
668772
668773
668774
668775
668776
668778
668779
668780
668781
668782
668783
668784
668785
668786
668787
668788
668789
668790
668791
668792
668793
668794
668795
668796
668797
668798
668799
668800
668801
668802
668803
668804
668805
668806
668807
668808
668809
668810
668811
668812
668813
668814
668815
668816
668817
668818
668819
668820
668821
668822
668823
668824
668825
668826
668827
668828
668829
668830
668831
668832
668833
668834
668835
668836
668837
668838
668839
668840
668841
668842
668843
668844
668845
668846
668847
668848
668849
668850
668851
668852
668853
668854
668855
668856
668857
668858
668859
668860
668861
668862
668863
668864
668865
668866
668867
668868
668869
668870
668871
668872
668873
668874
668875
668876
668877
668878
668879
668890
668891
668892
668893
668894
668895
668896
668897
668898
668899
668900
668901
668902
668903
668904
668905
668906
668907
668908
668909
668910
668911
668912
668913
668914
668915
668916
668917
668918
668919
668920
668921
668922
668923
668924
668925
668926
668927
668928
668929
668930
668931
668932
668933
668934
668935
668936
668937
668938
668939
668940
668941
668942
668943
668944
668945
668946
668947
668948
668949
668950
668951
668952
668953
668954
668955
668956
668957
668958
668959
668960
668961
668962
668963
668964
668965
668966
668967
668968
668969
668970
668971
668972
668973
668974
668975
668976
668977
668978
668979
668980
668981
668982
668983
668984
668985
668986
668987
668988
668989
668990
668991
668992
668993
668994
668995
668996
668997
668998
669001
669002
669003
669004
669005
669006
669007
669008
669009
669010
669011
669012
669013
669014
669015
669016
669017
669018
669019
669020
669021
669022
669023
669024
669025
669026
669027
669028
669029
669030
669031
669032
669033
669034
669035
669036
669037
669038
669039
669040
669041
669042
669043
669044
669045
669046
669047
669048
669049
669050
669051
669052
669053
669054
669055
669056
669057
669058
669059
669060
669061
669062
669063
669064
669065
669066
669067
669068
669069
669070
669071
669072
669073
669074
669075
669076
669077
669078
669079
669080
669081
669082
669083
669084
669085
669086
669087
669088
669089
669090
669091
669092
669093
669094
669095
669096
669097
669098
669099
669100
669101
669102
669103
669104
669105
669106
669107
669108
669109
669110
669112
669113
669114
669115
669116
669117
669118
669119
669120
669121
669122
669123
669124
669125
669126
669127
669128
669129
669130
669131
669132
669133
669134
669135
669136
669137
669138
669139
669140
669141
669142
669143
669144
669145
669146
669147
669148
669149
669150
669151
669152
669153
669154
669155
669156
669157
669158
669159
669160
669161
669162
669163
669164
669165
669166
669167
669168
669169
669170
669171
669172
669173
669174
669175
669176
669177
669178
669179
669180
669181
669182
669183
669184
669185
669186
669187
669188
669189
669190
669191
669192
669193
669194
669195
669196
669197
669198
669199
669200
669201
669202
669203
669204
669205
669206
669207
669208
669209
669210
669211
669212
669213
669214
669215
669216
669217
669218
669219
669220
669221
669223
669224
669225
669226
669227
669228
669229
669230
669231
669232
669233
669234
669235
669236
669237
669238
669239
669240
669241
669242
669243
669244
669245
669246
669247
669248
669249
669250
669251
669252
669253
669254
669255
669256
669257
669258
669259
669260
669261
669262
669263
669264
669265
669266
669267
669268
669269
669270
669271
669272
669273
669274
669275
669276
669277
669278
669279
669280
669281
669282
669283
669284
669285
669286
669287
669288
669289
669290
669291
669292
669293
669294
669295
669296
669297
669298
669299
669300
669301
669302
669303
669304
669305
669306
669307
669308
669309
669310
669311
669312
669313
669314
669315
669316
669317
669318
669319
669320
669321
669322
669323
669324
669325
669326
669327
669328
669329
669330
669331
669332
669334
669335
669336
669337
669338
669339
669340
669341
669342
669343
669344
669345
669346
669347
669348
669349
669350
669351
669352
669353
669354
669355
669356
669357
669358
669359
669360
669361
669362
669363
669364
669365
669366
669367
669368
669369
669370
669371
669372
669373
669374
669375
669376
669377
669378
669379
669380
669381
669382
669383
669384
669385
669386
669387
669388
669389
669390
669391
669392
669393
669394
669395
669396
669397
669398
669399
669400
669401
669402
669403
669404
669405
669406
669407
669408
669409
669410
669411
669412
669413
669414
669415
669416
669417
669418
669419
669420
669421
669422
669423
669424
669425
669426
669427
669428
669429
669430
669431
669432
669433
669434
669435
669436
669437
669438
669439
669440
669441
669442
669443
669445
669446
669447
669448
669449
669450
669451
669452
669453
669454
669455
669456
669457
669458
669459
669460
669461
669462
669463
669464
669465
669466
669467
669468
669469
669470
669471
669472
669473
669474
669475
669476
669477
669478
669479
669480
669481
669482
669483
669484
669485
669486
669487
669488
669489
669490
669491
669492
669493
669494
669495
669496
669497
669498
669499
669500
669501
669502
669503
669504
669505
669506
669507
669508
669509
669510
669511
669512
669513
669514
669515
669516
669517
669518
669519
669520
669521
669522
669523
669524
669525
669526
669527
669528
669529
669530
669531
669532
669533
669534
669535
669536
669537
669538
669539
669540
669541
669542
669543
669544
669545
669546
669547
669548
669549
669550
669551
669552
669553
669554
669556
669557
669558
669559
669560
669561
669562
669563
669564
669565
669566
669567
669568
669569
669570
669571
669572
669573
669574
669575
669576
669577
669578
669579
669580
669581
669582
669583
669584
669585
669586
669587
669588
669589
669590
669591
669592
669593
669594
669595
669596
669597
669598
669599
669600
669601
669602
669603
669604
669605
669606
669607
669608
669609
669610
669611
669612
669613
669614
669615
669616
669617
669618
669619
669620
669621
669622
669623
669624
669625
669626
669627
669628
669629
669630
669631
669632
669633
669634
669635
