669636
669637
669638
669639
669640
669641
669642
669643
669644
669645
669646
669647
669648
669649
669650
669651
669652
669653
669654
669655
669656
669657
669658
669659
669660
669661
669662
669663
669664
669665
669667
669668
669669
669670
669671
669672
669673
669674
669675
669676
669677
669678
669679
669680
669681
669682
669683
669684
669685
669686
669687
669688
669689
669690
669691
669692
669693
669694
669695
669696
669697
669698
669699
669700
669701
669702
669703
669704
669705
669706
669707
669708
669709
669710
669711
669712
669713
669714
669715
669716
669717
669718
669719
669720
669721
669722
669723
669724
669725
669726
669727
669728
669729
669730
669731
669732
669733
669734
669735
669736
669737
669738
669739
669740
669741
669742
669743
669744
669745
669746
669747
669748
669749
669750
669751
669752
669753
669754
669755
669756
669757
669758
669759
669760
669761
669762
669763
669764
669765
669766
669767
669768
669769
669770
669771
669772
669773
669774
669775
669776
669778
669779
669780
669781
669782
669783
669784
669785
669786
669787
669788
669789
669790
669791
669792
669793
669794
669795
669796
669797
669798
669799
669800
669801
669802
669803
669804
669805
669806
669807
669808
669809
669810
669811
669812
669813
669814
669815
669816
669817
669818
669819
669820
669821
669822
669823
669824
669825
669826
669827
669828
669829
669830
669831
669832
669833
669834
669835
669836
669837
669838
669839
669840
669841
669842
669843
669844
669845
669846
669847
669848
669849
669850
669851
669852
669853
669854
669855
669856
669857
669858
669859
669860
669861
669862
669863
669864
669865
669866
669867
669868
669869
669870
669871
669872
669873
669874
669875
669876
669877
669878
669879
669880
669881
669882
669883
669884
669885
669886
669887
669889
669890
669891
669892
669893
669894
669895
669896
669897
669898
669899
669900
669901
669902
669903
669904
669905
669906
669907
669908
669909
669910
669911
669912
669913
669914
669915
669916
669917
669918
669919
669920
669921
669922
669923
669924
669925
669926
669927
669928
669929
669930
669931
669932
669933
669934
669935
669936
669937
669938
669939
669940
669941
669942
669943
669944
669945
669946
669947
669948
669949
669950
669951
669952
669953
669954
669955
669956
669957
669958
669959
669960
669961
669962
669963
669964
669965
669966
669967
669968
669969
669970
669971
669972
669973
669974
669975
669976
669977
669978
669979
669980
669981
669982
669983
669984
669985
669986
669987
669988
669989
670010
670011
670012
670013
670014
670015
670016
670017
670018
670019
670020
670021
670022
670023
670024
670025
670026
670027
670028
670029
670030
670031
670032
670033
670034
670035
670036
670037
670038
670039
670040
670041
670042
670043
670044
670045
670046
670047
670048
670049
670050
670051
670052
670053
670054
670055
670056
670057
670058
670059
670060
670061
670062
670063
670064
670065
670066
670067
670068
670069
670070
670071
670072
670073
670074
670075
670076
670077
670078
670079
670080
670081
670082
670083
670084
670085
670086
670087
670088
670089
670090
670091
670092
670093
670094
670095
670096
670097
670098
670099
670100
670101
670102
670103
670104
670105
670106
670107
670108
670109
670110
670112
670113
670114
670115
670116
670117
670118
670119
670120
670121
670122
670123
670124
670125
670126
670127
670128
670129
670130
670131
670132
670133
670134
670135
670136
670137
670138
670139
670140
670141
670142
670143
670144
670145
670146
670147
670148
670149
670150
670151
670152
670153
670154
670155
670156
670157
670158
670159
670160
670161
670162
670163
670164
670165
670166
670167
670168
670169
670170
670171
670172
670173
670174
670175
670176
670177
670178
670179
670180
670181
670182
670183
670184
670185
670186
670187
670188
670189
670190
670191
670192
670193
670194
670195
670196
670197
670198
670199
670200
670201
670202
670203
670204
670205
670206
670207
670208
670209
670210
670211
670212
670213
670214
670215
670216
670217
670218
670219
670220
670221
670223
670224
670225
670226
670227
670228
670229
670230
670231
670232
670233
670234
670235
670236
670237
670238
670239
670240
670241
670242
670243
670244
670245
670246
670247
670248
670249
670250
670251
670252
670253
670254
670255
670256
670257
670258
670259
670260
670261
670262
670263
670264
670265
670266
670267
670268
670269
670270
670271
670272
670273
670274
670275
670276
670277
670278
670279
670280
670281
670282
670283
670284
670285
670286
670287
670288
670289
670290
670291
670292
670293
670294
670295
670296
670297
670298
670299
670300
670301
670302
670303
670304
670305
670306
670307
670308
670309
670310
670311
670312
670313
670314
670315
670316
670317
670318
670319
670320
670321
670322
670323
670324
670325
670326
670327
670328
670329
670330
670331
670332
670334
670335
670336
670337
670338
670339
670340
670341
670342
670343
670344
670345
670346
670347
670348
670349
670350
670351
670352
670353
670354
670355
670356
670357
670358
670359
670360
670361
670362
670363
670364
670365
670366
670367
670368
670369
670370
670371
670372
670373
670374
670375
670376
670377
670378
670379
670380
670381
670382
670383
670384
670385
670386
670387
670388
670389
670390
670391
670392
670393
670394
670395
670396
670397
670398
670399
670400
670401
670402
670403
670404
670405
670406
670407
670408
670409
670410
670411
670412
670413
670414
670415
670416
670417
670418
670419
670420
670421
670422
670423
670424
670425
670426
670427
670428
670429
670430
670431
670432
670433
670434
670435
670436
670437
670438
670439
670440
670441
670442
670443
670445
670446
670447
670448
670449
670450
670451
670452
670453
670454
670455
670456
670457
670458
670459
670460
670461
670462
670463
670464
670465
670466
670467
670468
670469
670470
670471
670472
670473
670474
670475
670476
670477
670478
670479
670480
670481
670482
670483
670484
670485
670486
670487
670488
670489
670490
670491
670492
670493
670494
670495
670496
670497
670498
670499
670500
670501
670502
670503
670504
670505
670506
670507
670508
670509
670510
670511
670512
670513
670514
670515
670516
670517
670518
670519
670520
670521
670522
670523
670524
670525
670526
670527
670528
670529
670530
670531
670532
670533
670534
670535
670536
670537
670538
670539
670540
670541
670542
670543
670544
670545
670546
670547
670548
670549
670550
670551
670552
670553
670554
670556
670557
670558
670559
670560
670561
670562
670563
670564
670565
670566
670567
670568
670569
670570
670571
670572
670573
670574
670575
670576
670577
670578
670579
670580
670581
670582
670583
670584
670585
670586
670587
670588
670589
670590
670591
670592
670593
670594
670595
670596
670597
670598
670599
670600
670601
670602
670603
670604
670605
670606
670607
670608
670609
670610
670611
670612
670613
670614
670615
670616
670617
670618
670619
670620
670621
670622
670623
670624
670625
670626
670627
670628
670629
670630
670631
670632
670633
670634
670635
670636
670637
670638
670639
670640
670641
670642
670643
670644
670645
670646
670647
670648
670649
670650
670651
670652
670653
670654
670655
670656
670657
670658
670659
670660
670661
670662
670663
670664
670665
670667
670668
670669
670670
670671
670672
670673
670674
670675
670676
670677
670678
670679
670680
670681
670682
670683
670684
670685
670686
670687
670688
670689
670690
670691
670692
670693
670694
670695
670696
670697
670698
670699
670700
670701
670702
670703
670704
670705
670706
670707
670708
670709
670710
670711
670712
670713
670714
670715
670716
670717
670718
670719
670720
670721
670722
670723
670724
670725
670726
670727
670728
670729
670730
670731
670732
670733
670734
670735
670736
670737
670738
670739
670740
670741
670742
670743
670744
670745
670746
670747
670748
670749
670750
670751
670752
670753
670754
670755
670756
670757
670758
670759
670760
670761
670762
670763
670764
670765
670766
670767
670768
670769
670770
670771
670772
670773
670774
670775
670776
670778
670779
670780
670781
670782
670783
670784
670785
670786
670787
670788
670789
670790
670791
670792
670793
670794
670795
670796
670797
670798
670799
670800
670801
670802
670803
670804
670805
670806
670807
670808
