956082
956083
956084
956085
956086
956087
956088
956089
956090
956091
956092
956093
956094
956095
956096
956097
956098
956099
956100
956101
956102
956103
956104
956105
956106
956107
956108
956109
956110
956112
956113
956114
956115
956116
956117
956118
956119
956120
956121
956122
956123
956124
956125
956126
956127
956128
956129
956130
956131
956132
956133
956134
956135
956136
956137
956138
956139
956140
956141
956142
956143
956144
956145
956146
956147
956148
956149
956150
956151
956152
956153
956154
956155
956156
956157
956158
956159
956160
956161
956162
956163
956164
956165
956166
956167
956168
956169
956170
956171
956172
956173
956174
956175
956176
956177
956178
956179
956180
956181
956182
956183
956184
956185
956186
956187
956188
956189
956190
956191
956192
956193
956194
956195
956196
956197
956198
956199
956200
956201
956202
956203
956204
956205
956206
956207
956208
956209
956210
956211
956212
956213
956214
956215
956216
956217
956218
956219
956220
956221
956223
956224
956225
956226
956227
956228
956229
956230
956231
956232
956233
956234
956235
956236
956237
956238
956239
956240
956241
956242
956243
956244
956245
956246
956247
956248
956249
956250
956251
956252
956253
956254
956255
956256
956257
956258
956259
956260
956261
956262
956263
956264
956265
956266
956267
956268
956269
956270
956271
956272
956273
956274
956275
956276
956277
956278
956279
956280
956281
956282
956283
956284
956285
956286
956287
956288
956289
956290
956291
956292
956293
956294
956295
956296
956297
956298
956299
956300
956301
956302
956303
956304
956305
956306
956307
956308
956309
956310
956311
956312
956313
956314
956315
956316
956317
956318
956319
956320
956321
956322
956323
956324
956325
956326
956327
956328
956329
956330
956331
956332
956334
956335
956336
956337
956338
956339
956340
956341
956342
956343
956344
956345
956346
956347
956348
956349
956350
956351
956352
956353
956354
956355
956356
956357
956358
956359
956360
956361
956362
956363
956364
956365
956366
956367
956368
956369
956370
956371
956372
956373
956374
956375
956376
956377
956378
956379
956380
956381
956382
956383
956384
956385
956386
956387
956388
956389
956390
956391
956392
956393
956394
956395
956396
956397
956398
956399
956400
956401
956402
956403
956404
956405
956406
956407
956408
956409
956410
956411
956412
956413
956414
956415
956416
956417
956418
956419
956420
956421
956422
956423
956424
956425
956426
956427
956428
956429
956430
956431
956432
956433
956434
956435
956436
956437
956438
956439
956440
956441
956442
956443
956445
956446
956447
956448
956449
956450
956451
956452
956453
956454
956455
956456
956457
956458
956459
956460
956461
956462
956463
956464
956465
956466
956467
956468
956469
956470
956471
956472
956473
956474
956475
956476
956477
956478
956479
956480
956481
956482
956483
956484
956485
956486
956487
956488
956489
956490
956491
956492
956493
956494
956495
956496
956497
956498
956499
956500
956501
956502
956503
956504
956505
956506
956507
956508
956509
956510
956511
956512
956513
956514
956515
956516
956517
956518
956519
956520
956521
956522
956523
956524
956525
956526
956527
956528
956529
956530
956531
956532
956533
956534
956535
956536
956537
956538
956539
956540
956541
956542
956543
956544
956545
956546
956547
956548
956549
956550
956551
956552
956553
956554
956556
956557
956558
956559
956560
956561
956562
956563
956564
956565
956566
956567
956568
956569
956570
956571
956572
956573
956574
956575
956576
956577
956578
956579
956580
956581
956582
956583
956584
956585
956586
956587
956588
956589
956590
956591
956592
956593
956594
956595
956596
956597
956598
956599
956600
956601
956602
956603
956604
956605
956606
956607
956608
956609
956610
956611
956612
956613
956614
956615
956616
956617
956618
956619
956620
956621
956622
956623
956624
956625
956626
956627
956628
956629
956630
956631
956632
956633
956634
956635
956636
956637
956638
956639
956640
956641
956642
956643
956644
956645
956646
956647
956648
956649
956650
956651
956652
956653
956654
956655
956656
956657
956658
956659
956670
956671
956672
956673
956674
956675
956676
956677
956678
956679
956680
956681
956682
956683
956684
956685
956686
956687
956688
956689
956690
956691
956692
956693
956694
956695
956696
956697
956698
956699
956700
956701
956702
956703
956704
956705
956706
956707
956708
956709
956710
956711
956712
956713
956714
956715
956716
956717
956718
956719
956720
956721
956722
956723
956724
956725
956726
956727
956728
956729
956730
956731
956732
956733
956734
956735
956736
956737
956738
956739
956740
956741
956742
956743
956744
956745
956746
956747
956748
956749
956750
956751
956752
956753
956754
956755
956756
956757
956758
956759
956760
956761
956762
956763
956764
956765
956766
956767
956768
956769
956770
956771
956772
956773
956774
956775
956776
956778
956779
956780
956781
956782
956783
956784
956785
956786
956787
956788
956789
956790
956791
956792
956793
956794
956795
956796
956797
956798
956799
956800
956801
956802
956803
956804
956805
956806
956807
956808
956809
956810
956811
956812
956813
956814
956815
956816
956817
956818
956819
956820
956821
956822
956823
956824
956825
956826
956827
956828
956829
956830
956831
956832
956833
956834
956835
956836
956837
956838
956839
956840
956841
956842
956843
956844
956845
956846
956847
956848
956849
956850
956851
956852
956853
956854
956855
956856
956857
956858
956859
956860
956861
956862
956863
956864
956865
956866
956867
956868
956869
956870
956871
956872
956873
956874
956875
956876
956877
956878
956879
956880
956881
956882
956883
956884
956885
956886
956887
956889
956890
956891
956892
956893
956894
956895
956896
956897
956898
956899
956900
956901
956902
956903
956904
956905
956906
956907
956908
956909
956910
956911
956912
956913
956914
956915
956916
956917
956918
956919
956920
956921
956922
956923
956924
956925
956926
956927
956928
956929
956930
956931
956932
956933
956934
956935
956936
956937
956938
956939
956940
956941
956942
956943
956944
956945
956946
956947
956948
956949
956950
956951
956952
956953
956954
956955
956956
956957
956958
956959
956960
956961
956962
956963
956964
956965
956966
956967
956968
956969
956970
956971
956972
956973
956974
956975
956976
956977
956978
956979
956980
956981
956982
956983
956984
956985
956986
956987
956988
956989
956990
956991
956992
956993
956994
956995
956996
956997
956998
957001
957002
957003
957004
957005
957006
957007
957008
957009
957010
957011
957012
957013
957014
957015
957016
957017
957018
957019
957020
957021
957022
957023
957024
957025
957026
957027
957028
957029
957030
957031
957032
957033
957034
957035
957036
957037
957038
957039
957040
957041
957042
957043
957044
957045
957046
957047
957048
957049
957050
957051
957052
957053
957054
957055
957056
957057
957058
957059
957060
957061
957062
957063
957064
957065
957066
957067
957068
957069
957070
957071
957072
957073
957074
957075
957076
957077
957078
957079
957080
957081
957082
957083
957084
957085
957086
957087
957088
957089
957090
957091
957092
957093
957094
957095
957096
957097
957098
957099
957100
957101
957102
957103
957104
957105
957106
957107
957108
957109
957110
957112
957113
957114
957115
957116
957117
957118
957119
957120
957121
957122
957123
957124
957125
957126
957127
957128
957129
957130
957131
957132
957133
957134
957135
957136
957137
957138
957139
957140
957141
957142
957143
957144
957145
957146
957147
957148
957149
957150
957151
957152
957153
957154
957155
957156
957157
957158
957159
957160
957161
957162
957163
957164
957165
957166
957167
957168
957169
957170
957171
957172
957173
957174
957175
957176
957177
957178
957179
957180
957181
957182
957183
957184
957185
957186
957187
957188
957189
957190
957191
957192
957193
957194
957195
957196
957197
957198
957199
957200
957201
957202
957203
957204
957205
957206
957207
957208
957209
957210
957211
957212
957213
957214
957215
957216
957217
957218
957219
957220
957221
957223
957224
957225
957226
957227
957228
957229
957230
957231
957232
957233
957234
957235
957236
957237
957238
957239
957240
957241
957242
957243
957244
957245
