670809
670810
670811
670812
670813
670814
670815
670816
670817
670818
670819
670820
670821
670822
670823
670824
670825
670826
670827
670828
670829
670830
670831
670832
670833
670834
670835
670836
670837
670838
670839
670840
670841
670842
670843
670844
670845
670846
670847
670848
670849
670850
670851
670852
670853
670854
670855
670856
670857
670858
670859
670860
670861
670862
670863
670864
670865
670866
670867
670868
670869
670870
670871
670872
670873
670874
670875
670876
670877
670878
670879
670880
670881
670882
670883
670884
670885
670886
670887
670889
670890
670891
670892
670893
670894
670895
670896
670897
670898
670899
670900
670901
670902
670903
670904
670905
670906
670907
670908
670909
670910
670911
670912
670913
670914
670915
670916
670917
670918
670919
670920
670921
670922
670923
670924
670925
670926
670927
670928
670929
670930
670931
670932
670933
670934
670935
670936
670937
670938
670939
670940
670941
670942
670943
670944
670945
670946
670947
670948
670949
670950
670951
670952
670953
670954
670955
670956
670957
670958
670959
670960
670961
670962
670963
670964
670965
670966
670967
670968
670969
670970
670971
670972
670973
670974
670975
670976
670977
670978
670979
670980
670981
670982
670983
670984
670985
670986
670987
670988
670989
670990
670991
670992
670993
670994
670995
670996
670997
670998
671001
671002
671003
671004
671005
671006
671007
671008
671009
671010
671011
671012
671013
671014
671015
671016
671017
671018
671019
671020
671021
671022
671023
671024
671025
671026
671027
671028
671029
671030
671031
671032
671033
671034
671035
671036
671037
671038
671039
671040
671041
671042
671043
671044
671045
671046
671047
671048
671049
671050
671051
671052
671053
671054
671055
671056
671057
671058
671059
671060
671061
671062
671063
671064
671065
671066
671067
671068
671069
671070
671071
671072
671073
671074
671075
671076
671077
671078
671079
671080
671081
671082
671083
671084
671085
671086
671087
671088
671089
671090
671091
671092
671093
671094
671095
671096
671097
671098
671099
671100
671101
671102
671103
671104
671105
671106
671107
671108
671109
671120
671121
671122
671123
671124
671125
671126
671127
671128
671129
671130
671131
671132
671133
671134
671135
671136
671137
671138
671139
671140
671141
671142
671143
671144
671145
671146
671147
671148
671149
671150
671151
671152
671153
671154
671155
671156
671157
671158
671159
671160
671161
671162
671163
671164
671165
671166
671167
671168
671169
671170
671171
671172
671173
671174
671175
671176
671177
671178
671179
671180
671181
671182
671183
671184
671185
671186
671187
671188
671189
671190
671191
671192
671193
671194
671195
671196
671197
671198
671199
671200
671201
671202
671203
671204
671205
671206
671207
671208
671209
671210
671211
671212
671213
671214
671215
671216
671217
671218
671219
671220
671221
671223
671224
671225
671226
671227
671228
671229
671230
671231
671232
671233
671234
671235
671236
671237
671238
671239
671240
671241
671242
671243
671244
671245
671246
671247
671248
671249
671250
671251
671252
671253
671254
671255
671256
671257
671258
671259
671260
671261
671262
671263
671264
671265
671266
671267
671268
671269
671270
671271
671272
671273
671274
671275
671276
671277
671278
671279
671280
671281
671282
671283
671284
671285
671286
671287
671288
671289
671290
671291
671292
671293
671294
671295
671296
671297
671298
671299
671300
671301
671302
671303
671304
671305
671306
671307
671308
671309
671310
671311
671312
671313
671314
671315
671316
671317
671318
671319
671320
671321
671322
671323
671324
671325
671326
671327
671328
671329
671330
671331
671332
671334
671335
671336
671337
671338
671339
671340
671341
671342
671343
671344
671345
671346
671347
671348
671349
671350
671351
671352
671353
671354
671355
671356
671357
671358
671359
671360
671361
671362
671363
671364
671365
671366
671367
671368
671369
671370
671371
671372
671373
671374
671375
671376
671377
671378
671379
671380
671381
671382
671383
671384
671385
671386
671387
671388
671389
671390
671391
671392
671393
671394
671395
671396
671397
671398
671399
671400
671401
671402
671403
671404
671405
671406
671407
671408
671409
671410
671411
671412
671413
671414
671415
671416
671417
671418
671419
671420
671421
671422
671423
671424
671425
671426
671427
671428
671429
671430
671431
671432
671433
671434
671435
671436
671437
671438
671439
671440
671441
671442
671443
671445
671446
671447
671448
671449
671450
671451
671452
671453
671454
671455
671456
671457
671458
671459
671460
671461
671462
671463
671464
671465
671466
671467
671468
671469
671470
671471
671472
671473
671474
671475
671476
671477
671478
671479
671480
671481
671482
671483
671484
671485
671486
671487
671488
671489
671490
671491
671492
671493
671494
671495
671496
671497
671498
671499
671500
671501
671502
671503
671504
671505
671506
671507
671508
671509
671510
671511
671512
671513
671514
671515
671516
671517
671518
671519
671520
671521
671522
671523
671524
671525
671526
671527
671528
671529
671530
671531
671532
671533
671534
671535
671536
671537
671538
671539
671540
671541
671542
671543
671544
671545
671546
671547
671548
671549
671550
671551
671552
671553
671554
671556
671557
671558
671559
671560
671561
671562
671563
671564
671565
671566
671567
671568
671569
671570
671571
671572
671573
671574
671575
671576
671577
671578
671579
671580
671581
671582
671583
671584
671585
671586
671587
671588
671589
671590
671591
671592
671593
671594
671595
671596
671597
671598
671599
671600
671601
671602
671603
671604
671605
671606
671607
671608
671609
671610
671611
671612
671613
671614
671615
671616
671617
671618
671619
671620
671621
671622
671623
671624
671625
671626
671627
671628
671629
671630
671631
671632
671633
671634
671635
671636
671637
671638
671639
671640
671641
671642
671643
671644
671645
671646
671647
671648
671649
671650
671651
671652
671653
671654
671655
671656
671657
671658
671659
671660
671661
671662
671663
671664
671665
671667
671668
671669
671670
671671
671672
671673
671674
671675
671676
671677
671678
671679
671680
671681
671682
671683
671684
671685
671686
671687
671688
671689
671690
671691
671692
671693
671694
671695
671696
671697
671698
671699
671700
671701
671702
671703
671704
671705
671706
671707
671708
671709
671710
671711
671712
671713
671714
671715
671716
671717
671718
671719
671720
671721
671722
671723
671724
671725
671726
671727
671728
671729
671730
671731
671732
671733
671734
671735
671736
671737
671738
671739
671740
671741
671742
671743
671744
671745
671746
671747
671748
671749
671750
671751
671752
671753
671754
671755
671756
671757
671758
671759
671760
671761
671762
671763
671764
671765
671766
671767
671768
671769
671770
671771
671772
671773
671774
671775
671776
671778
671779
671780
671781
671782
671783
671784
671785
671786
671787
671788
671789
671790
671791
671792
671793
671794
671795
671796
671797
671798
671799
671800
671801
671802
671803
671804
671805
671806
671807
671808
671809
671810
671811
671812
671813
671814
671815
671816
671817
671818
671819
671820
671821
671822
671823
671824
671825
671826
671827
671828
671829
671830
671831
671832
671833
671834
671835
671836
671837
671838
671839
671840
671841
671842
671843
671844
671845
671846
671847
671848
671849
671850
671851
671852
671853
671854
671855
671856
671857
671858
671859
671860
671861
671862
671863
671864
671865
671866
671867
671868
671869
671870
671871
671872
671873
671874
671875
671876
671877
671878
671879
671880
671881
671882
671883
671884
671885
671886
671887
671889
671890
671891
671892
671893
671894
671895
671896
671897
671898
671899
671900
671901
671902
671903
671904
671905
671906
671907
671908
671909
671910
671911
671912
671913
671914
671915
671916
671917
671918
671919
671920
671921
671922
671923
671924
671925
671926
671927
671928
671929
671930
671931
671932
671933
671934
671935
671936
671937
671938
671939
671940
671941
671942
671943
671944
671945
671946
671947
671948
671949
671950
671951
671952
671953
671954
671955
671956
671957
671958
671959
671960
671961
671962
671963
671964
671965
671966
671967
671968
671969
671970
671971
