671972
671973
671974
671975
671976
671977
671978
671979
671980
671981
671982
671983
671984
671985
671986
671987
671988
671989
671990
671991
671992
671993
671994
671995
671996
671997
671998
672001
672002
672003
672004
672005
672006
672007
672008
672009
672010
672011
672012
672013
672014
672015
672016
672017
672018
672019
672020
672021
672022
672023
672024
672025
672026
672027
672028
672029
672030
672031
672032
672033
672034
672035
672036
672037
672038
672039
672040
672041
672042
672043
672044
672045
672046
672047
672048
672049
672050
672051
672052
672053
672054
672055
672056
672057
672058
672059
672060
672061
672062
672063
672064
672065
672066
672067
672068
672069
672070
672071
672072
672073
672074
672075
672076
672077
672078
672079
672080
672081
672082
672083
672084
672085
672086
672087
672088
672089
672090
672091
672092
672093
672094
672095
672096
672097
672098
672099
672100
672101
672102
672103
672104
672105
672106
672107
672108
672109
672110
672112
672113
672114
672115
672116
672117
672118
672119
672120
672121
672122
672123
672124
672125
672126
672127
672128
672129
672130
672131
672132
672133
672134
672135
672136
672137
672138
672139
672140
672141
672142
672143
672144
672145
672146
672147
672148
672149
672150
672151
672152
672153
672154
672155
672156
672157
672158
672159
672160
672161
672162
672163
672164
672165
672166
672167
672168
672169
672170
672171
672172
672173
672174
672175
672176
672177
672178
672179
672180
672181
672182
672183
672184
672185
672186
672187
672188
672189
672190
672191
672192
672193
672194
672195
672196
672197
672198
672199
672200
672201
672202
672203
672204
672205
672206
672207
672208
672209
672210
672211
672212
672213
672214
672215
672216
672217
672218
672219
672230
672231
672232
672233
672234
672235
672236
672237
672238
672239
672240
672241
672242
672243
672244
672245
672246
672247
672248
672249
672250
672251
672252
672253
672254
672255
672256
672257
672258
672259
672260
672261
672262
672263
672264
672265
672266
672267
672268
672269
672270
672271
672272
672273
672274
672275
672276
672277
672278
672279
672280
672281
672282
672283
672284
672285
672286
672287
672288
672289
672290
672291
672292
672293
672294
672295
672296
672297
672298
672299
672300
672301
672302
672303
672304
672305
672306
672307
672308
672309
672310
672311
672312
672313
672314
672315
672316
672317
672318
672319
672320
672321
672322
672323
672324
672325
672326
672327
672328
672329
672330
672331
672332
672334
672335
672336
672337
672338
672339
672340
672341
672342
672343
672344
672345
672346
672347
672348
672349
672350
672351
672352
672353
672354
672355
672356
672357
672358
672359
672360
672361
672362
672363
672364
672365
672366
672367
672368
672369
672370
672371
672372
672373
672374
672375
672376
672377
672378
672379
672380
672381
672382
672383
672384
672385
672386
672387
672388
672389
672390
672391
672392
672393
672394
672395
672396
672397
672398
672399
672400
672401
672402
672403
672404
672405
672406
672407
672408
672409
672410
672411
672412
672413
672414
672415
672416
672417
672418
672419
672420
672421
672422
672423
672424
672425
672426
672427
672428
672429
672430
672431
672432
672433
672434
672435
672436
672437
672438
672439
672440
672441
672442
672443
672445
672446
672447
672448
672449
672450
672451
672452
672453
672454
672455
672456
672457
672458
672459
672460
672461
672462
672463
672464
672465
672466
672467
672468
672469
672470
672471
672472
672473
672474
672475
672476
672477
672478
672479
672480
672481
672482
672483
672484
672485
672486
672487
672488
672489
672490
672491
672492
672493
672494
672495
672496
672497
672498
672499
672500
672501
672502
672503
672504
672505
672506
672507
672508
672509
672510
672511
672512
672513
672514
672515
672516
672517
672518
672519
672520
672521
672522
672523
672524
672525
672526
672527
672528
672529
672530
672531
672532
672533
672534
672535
672536
672537
672538
672539
672540
672541
672542
672543
672544
672545
672546
672547
672548
672549
672550
672551
672552
672553
672554
672556
672557
672558
672559
672560
672561
672562
672563
672564
672565
672566
672567
672568
672569
672570
672571
672572
672573
672574
672575
672576
672577
672578
672579
672580
672581
672582
672583
672584
672585
672586
672587
672588
672589
672590
672591
672592
672593
672594
672595
672596
672597
672598
672599
672600
672601
672602
672603
672604
672605
672606
672607
672608
672609
672610
672611
672612
672613
672614
672615
672616
672617
672618
672619
672620
672621
672622
672623
672624
672625
672626
672627
672628
672629
672630
672631
672632
672633
672634
672635
672636
672637
672638
672639
672640
672641
672642
672643
672644
672645
672646
672647
672648
672649
672650
672651
672652
672653
672654
672655
672656
672657
672658
672659
672660
672661
672662
672663
672664
672665
672667
672668
672669
672670
672671
672672
672673
672674
672675
672676
672677
672678
672679
672680
672681
672682
672683
672684
672685
672686
672687
672688
672689
672690
672691
672692
672693
672694
672695
672696
672697
672698
672699
672700
672701
672702
672703
672704
672705
672706
672707
672708
672709
672710
672711
672712
672713
672714
672715
672716
672717
672718
672719
672720
672721
672722
672723
672724
672725
672726
672727
672728
672729
672730
672731
672732
672733
672734
672735
672736
672737
672738
672739
672740
672741
672742
672743
672744
672745
672746
672747
672748
672749
672750
672751
672752
672753
672754
672755
672756
672757
672758
672759
672760
672761
672762
672763
672764
672765
672766
672767
672768
672769
672770
672771
672772
672773
672774
672775
672776
672778
672779
672780
672781
672782
672783
672784
672785
672786
672787
672788
672789
672790
672791
672792
672793
672794
672795
672796
672797
672798
672799
672800
672801
672802
672803
672804
672805
672806
672807
672808
672809
672810
672811
672812
672813
672814
672815
672816
672817
672818
672819
672820
672821
672822
672823
672824
672825
672826
672827
672828
672829
672830
672831
672832
672833
672834
672835
672836
672837
672838
672839
672840
672841
672842
672843
672844
672845
672846
672847
672848
672849
672850
672851
672852
672853
672854
672855
672856
672857
672858
672859
672860
672861
672862
672863
672864
672865
672866
672867
672868
672869
672870
672871
672872
672873
672874
672875
672876
672877
672878
672879
672880
672881
672882
672883
672884
672885
672886
672887
672889
672890
672891
672892
672893
672894
672895
672896
672897
672898
672899
672900
672901
672902
672903
672904
672905
672906
672907
672908
672909
672910
672911
672912
672913
672914
672915
672916
672917
672918
672919
672920
672921
672922
672923
672924
672925
672926
672927
672928
672929
672930
672931
672932
672933
672934
672935
672936
672937
672938
672939
672940
672941
672942
672943
672944
672945
672946
672947
672948
672949
672950
672951
672952
672953
672954
672955
672956
672957
672958
672959
672960
672961
672962
672963
672964
672965
672966
672967
672968
672969
672970
672971
672972
672973
672974
672975
672976
672977
672978
672979
672980
672981
672982
672983
672984
672985
672986
672987
672988
672989
672990
672991
672992
672993
672994
672995
672996
672997
672998
673001
673002
673003
673004
673005
673006
673007
673008
673009
673010
673011
673012
673013
673014
673015
673016
673017
673018
673019
673020
673021
673022
673023
673024
673025
673026
673027
673028
673029
673030
673031
673032
673033
673034
673035
673036
673037
673038
673039
673040
673041
673042
673043
673044
673045
673046
673047
673048
673049
673050
673051
673052
673053
673054
673055
673056
673057
673058
673059
673060
673061
673062
673063
673064
673065
673066
673067
673068
673069
673070
673071
673072
673073
673074
673075
673076
673077
673078
673079
673080
673081
673082
673083
673084
673085
673086
673087
673088
673089
673090
673091
673092
673093
673094
673095
673096
673097
673098
673099
673100
673101
673102
673103
673104
673105
673106
673107
673108
673109
673110
673112
673113
673114
673115
673116
673117
673118
673119
673120
673121
673122
673123
673124
673125
673126
673127
673128
673129
673130
673131
673132
673133
673134
673135
673136
