673137
673138
673139
673140
673141
673142
673143
673144
673145
673146
673147
673148
673149
673150
673151
673152
673153
673154
673155
673156
673157
673158
673159
673160
673161
673162
673163
673164
673165
673166
673167
673168
673169
673170
673171
673172
673173
673174
673175
673176
673177
673178
673179
673180
673181
673182
673183
673184
673185
673186
673187
673188
673189
673190
673191
673192
673193
673194
673195
673196
673197
673198
673199
673200
673201
673202
673203
673204
673205
673206
673207
673208
673209
673210
673211
673212
673213
673214
673215
673216
673217
673218
673219
673220
673221
673223
673224
673225
673226
673227
673228
673229
673230
673231
673232
673233
673234
673235
673236
673237
673238
673239
673240
673241
673242
673243
673244
673245
673246
673247
673248
673249
673250
673251
673252
673253
673254
673255
673256
673257
673258
673259
673260
673261
673262
673263
673264
673265
673266
673267
673268
673269
673270
673271
673272
673273
673274
673275
673276
673277
673278
673279
673280
673281
673282
673283
673284
673285
673286
673287
673288
673289
673290
673291
673292
673293
673294
673295
673296
673297
673298
673299
673300
673301
673302
673303
673304
673305
673306
673307
673308
673309
673310
673311
673312
673313
673314
673315
673316
673317
673318
673319
673320
673321
673322
673323
673324
673325
673326
673327
673328
673329
673340
673341
673342
673343
673344
673345
673346
673347
673348
673349
673350
673351
673352
673353
673354
673355
673356
673357
673358
673359
673360
673361
673362
673363
673364
673365
673366
673367
673368
673369
673370
673371
673372
673373
673374
673375
673376
673377
673378
673379
673380
673381
673382
673383
673384
673385
673386
673387
673388
673389
673390
673391
673392
673393
673394
673395
673396
673397
673398
673399
673400
673401
673402
673403
673404
673405
673406
673407
673408
673409
673410
673411
673412
673413
673414
673415
673416
673417
673418
673419
673420
673421
673422
673423
673424
673425
673426
673427
673428
673429
673430
673431
673432
673433
673434
673435
673436
673437
673438
673439
673440
673441
673442
673443
673445
673446
673447
673448
673449
673450
673451
673452
673453
673454
673455
673456
673457
673458
673459
673460
673461
673462
673463
673464
673465
673466
673467
673468
673469
673470
673471
673472
673473
673474
673475
673476
673477
673478
673479
673480
673481
673482
673483
673484
673485
673486
673487
673488
673489
673490
673491
673492
673493
673494
673495
673496
673497
673498
673499
673500
673501
673502
673503
673504
673505
673506
673507
673508
673509
673510
673511
673512
673513
673514
673515
673516
673517
673518
673519
673520
673521
673522
673523
673524
673525
673526
673527
673528
673529
673530
673531
673532
673533
673534
673535
673536
673537
673538
673539
673540
673541
673542
673543
673544
673545
673546
673547
673548
673549
673550
673551
673552
673553
673554
673556
673557
673558
673559
673560
673561
673562
673563
673564
673565
673566
673567
673568
673569
673570
673571
673572
673573
673574
673575
673576
673577
673578
673579
673580
673581
673582
673583
673584
673585
673586
673587
673588
673589
673590
673591
673592
673593
673594
673595
673596
673597
673598
673599
673600
673601
673602
673603
673604
673605
673606
673607
673608
673609
673610
673611
673612
673613
673614
673615
673616
673617
673618
673619
673620
673621
673622
673623
673624
673625
673626
673627
673628
673629
673630
673631
673632
673633
673634
673635
673636
673637
673638
673639
673640
673641
673642
673643
673644
673645
673646
673647
673648
673649
673650
673651
673652
673653
673654
673655
673656
673657
673658
673659
673660
673661
673662
673663
673664
673665
673667
673668
673669
673670
673671
673672
673673
673674
673675
673676
673677
673678
673679
673680
673681
673682
673683
673684
673685
673686
673687
673688
673689
673690
673691
673692
673693
673694
673695
673696
673697
673698
673699
673700
673701
673702
673703
673704
673705
673706
673707
673708
673709
673710
673711
673712
673713
673714
673715
673716
673717
673718
673719
673720
673721
673722
673723
673724
673725
673726
673727
673728
673729
673730
673731
673732
673733
673734
673735
673736
673737
673738
673739
673740
673741
673742
673743
673744
673745
673746
673747
673748
673749
673750
673751
673752
673753
673754
673755
673756
673757
673758
673759
673760
673761
673762
673763
673764
673765
673766
673767
673768
673769
673770
673771
673772
673773
673774
673775
673776
673778
673779
673780
673781
673782
673783
673784
673785
673786
673787
673788
673789
673790
673791
673792
673793
673794
673795
673796
673797
673798
673799
673800
673801
673802
673803
673804
673805
673806
673807
673808
673809
673810
673811
673812
673813
673814
673815
673816
673817
673818
673819
673820
673821
673822
673823
673824
673825
673826
673827
673828
673829
673830
673831
673832
673833
673834
673835
673836
673837
673838
673839
673840
673841
673842
673843
673844
673845
673846
673847
673848
673849
673850
673851
673852
673853
673854
673855
673856
673857
673858
673859
673860
673861
673862
673863
673864
673865
673866
673867
673868
673869
673870
673871
673872
673873
673874
673875
673876
673877
673878
673879
673880
673881
673882
673883
673884
673885
673886
673887
673889
673890
673891
673892
673893
673894
673895
673896
673897
673898
673899
673900
673901
673902
673903
673904
673905
673906
673907
673908
673909
673910
673911
673912
673913
673914
673915
673916
673917
673918
673919
673920
673921
673922
673923
673924
673925
673926
673927
673928
673929
673930
673931
673932
673933
673934
673935
673936
673937
673938
673939
673940
673941
673942
673943
673944
673945
673946
673947
673948
673949
673950
673951
673952
673953
673954
673955
673956
673957
673958
673959
673960
673961
673962
673963
673964
673965
673966
673967
673968
673969
673970
673971
673972
673973
673974
673975
673976
673977
673978
673979
673980
673981
673982
673983
673984
673985
673986
673987
673988
673989
673990
673991
673992
673993
673994
673995
673996
673997
673998
674001
674002
674003
674004
674005
674006
674007
674008
674009
674010
674011
674012
674013
674014
674015
674016
674017
674018
674019
674020
674021
674022
674023
674024
674025
674026
674027
674028
674029
674030
674031
674032
674033
674034
674035
674036
674037
674038
674039
674040
674041
674042
674043
674044
674045
674046
674047
674048
674049
674050
674051
674052
674053
674054
674055
674056
674057
674058
674059
674060
674061
674062
674063
674064
674065
674066
674067
674068
674069
674070
674071
674072
674073
674074
674075
674076
674077
674078
674079
674080
674081
674082
674083
674084
674085
674086
674087
674088
674089
674090
674091
674092
674093
674094
674095
674096
674097
674098
674099
674100
674101
674102
674103
674104
674105
674106
674107
674108
674109
674110
674112
674113
674114
674115
674116
674117
674118
674119
674120
674121
674122
674123
674124
674125
674126
674127
674128
674129
674130
674131
674132
674133
674134
674135
674136
674137
674138
674139
674140
674141
674142
674143
674144
674145
674146
674147
674148
674149
674150
674151
674152
674153
674154
674155
674156
674157
674158
674159
674160
674161
674162
674163
674164
674165
674166
674167
674168
674169
674170
674171
674172
674173
674174
674175
674176
674177
674178
674179
674180
674181
674182
674183
674184
674185
674186
674187
674188
674189
674190
674191
674192
674193
674194
674195
674196
674197
674198
674199
674200
674201
674202
674203
674204
674205
674206
674207
674208
674209
674210
674211
674212
674213
674214
674215
674216
674217
674218
674219
674220
674221
674223
674224
674225
674226
674227
674228
674229
674230
674231
674232
674233
674234
674235
674236
674237
674238
674239
674240
674241
674242
674243
674244
674245
674246
674247
674248
674249
674250
674251
674252
674253
674254
674255
674256
674257
674258
674259
674260
674261
674262
674263
674264
674265
674266
674267
674268
674269
674270
674271
674272
674273
674274
674275
674276
674277
674278
674279
674280
674281
674282
674283
674284
674285
674286
674287
674288
674289
674290
674291
674292
674293
674294
674295
674296
674297
674298
674299
