674300
674301
674302
674303
674304
674305
674306
674307
674308
674309
674310
674311
674312
674313
674314
674315
674316
674317
674318
674319
674320
674321
674322
674323
674324
674325
674326
674327
674328
674329
674330
674331
674332
674334
674335
674336
674337
674338
674339
674340
674341
674342
674343
674344
674345
674346
674347
674348
674349
674350
674351
674352
674353
674354
674355
674356
674357
674358
674359
674360
674361
674362
674363
674364
674365
674366
674367
674368
674369
674370
674371
674372
674373
674374
674375
674376
674377
674378
674379
674380
674381
674382
674383
674384
674385
674386
674387
674388
674389
674390
674391
674392
674393
674394
674395
674396
674397
674398
674399
674400
674401
674402
674403
674404
674405
674406
674407
674408
674409
674410
674411
674412
674413
674414
674415
674416
674417
674418
674419
674420
674421
674422
674423
674424
674425
674426
674427
674428
674429
674430
674431
674432
674433
674434
674435
674436
674437
674438
674439
674450
674451
674452
674453
674454
674455
674456
674457
674458
674459
674460
674461
674462
674463
674464
674465
674466
674467
674468
674469
674470
674471
674472
674473
674474
674475
674476
674477
674478
674479
674480
674481
674482
674483
674484
674485
674486
674487
674488
674489
674490
674491
674492
674493
674494
674495
674496
674497
674498
674499
674500
674501
674502
674503
674504
674505
674506
674507
674508
674509
674510
674511
674512
674513
674514
674515
674516
674517
674518
674519
674520
674521
674522
674523
674524
674525
674526
674527
674528
674529
674530
674531
674532
674533
674534
674535
674536
674537
674538
674539
674540
674541
674542
674543
674544
674545
674546
674547
674548
674549
674550
674551
674552
674553
674554
674556
674557
674558
674559
674560
674561
674562
674563
674564
674565
674566
674567
674568
674569
674570
674571
674572
674573
674574
674575
674576
674577
674578
674579
674580
674581
674582
674583
674584
674585
674586
674587
674588
674589
674590
674591
674592
674593
674594
674595
674596
674597
674598
674599
674600
674601
674602
674603
674604
674605
674606
674607
674608
674609
674610
674611
674612
674613
674614
674615
674616
674617
674618
674619
674620
674621
674622
674623
674624
674625
674626
674627
674628
674629
674630
674631
674632
674633
674634
674635
674636
674637
674638
674639
674640
674641
674642
674643
674644
674645
674646
674647
674648
674649
674650
674651
674652
674653
674654
674655
674656
674657
674658
674659
674660
674661
674662
674663
674664
674665
674667
674668
674669
674670
674671
674672
674673
674674
674675
674676
674677
674678
674679
674680
674681
674682
674683
674684
674685
674686
674687
674688
674689
674690
674691
674692
674693
674694
674695
674696
674697
674698
674699
674700
674701
674702
674703
674704
674705
674706
674707
674708
674709
674710
674711
674712
674713
674714
674715
674716
674717
674718
674719
674720
674721
674722
674723
674724
674725
674726
674727
674728
674729
674730
674731
674732
674733
674734
674735
674736
674737
674738
674739
674740
674741
674742
674743
674744
674745
674746
674747
674748
674749
674750
674751
674752
674753
674754
674755
674756
674757
674758
674759
674760
674761
674762
674763
674764
674765
674766
674767
674768
674769
674770
674771
674772
674773
674774
674775
674776
674778
674779
674780
674781
674782
674783
674784
674785
674786
674787
674788
674789
674790
674791
674792
674793
674794
674795
674796
674797
674798
674799
674800
674801
674802
674803
674804
674805
674806
674807
674808
674809
674810
674811
674812
674813
674814
674815
674816
674817
674818
674819
674820
674821
674822
674823
674824
674825
674826
674827
674828
674829
674830
674831
674832
674833
674834
674835
674836
674837
674838
674839
674840
674841
674842
674843
674844
674845
674846
674847
674848
674849
674850
674851
674852
674853
674854
674855
674856
674857
674858
674859
674860
674861
674862
674863
674864
674865
674866
674867
674868
674869
674870
674871
674872
674873
674874
674875
674876
674877
674878
674879
674880
674881
674882
674883
674884
674885
674886
674887
674889
674890
674891
674892
674893
674894
674895
674896
674897
674898
674899
674900
674901
674902
674903
674904
674905
674906
674907
674908
674909
674910
674911
674912
674913
674914
674915
674916
674917
674918
674919
674920
674921
674922
674923
674924
674925
674926
674927
674928
674929
674930
674931
674932
674933
674934
674935
674936
674937
674938
674939
674940
674941
674942
674943
674944
674945
674946
674947
674948
674949
674950
674951
674952
674953
674954
674955
674956
674957
674958
674959
674960
674961
674962
674963
674964
674965
674966
674967
674968
674969
674970
674971
674972
674973
674974
674975
674976
674977
674978
674979
674980
674981
674982
674983
674984
674985
674986
674987
674988
674989
674990
674991
674992
674993
674994
674995
674996
674997
674998
675001
675002
675003
675004
675005
675006
675007
675008
675009
675010
675011
675012
675013
675014
675015
675016
675017
675018
675019
675020
675021
675022
675023
675024
675025
675026
675027
675028
675029
675030
675031
675032
675033
675034
675035
675036
675037
675038
675039
675040
675041
675042
675043
675044
675045
675046
675047
675048
675049
675050
675051
675052
675053
675054
675055
675056
675057
675058
675059
675060
675061
675062
675063
675064
675065
675066
675067
675068
675069
675070
675071
675072
675073
675074
675075
675076
675077
675078
675079
675080
675081
675082
675083
675084
675085
675086
675087
675088
675089
675090
675091
675092
675093
675094
675095
675096
675097
675098
675099
675100
675101
675102
675103
675104
675105
675106
675107
675108
675109
675110
675112
675113
675114
675115
675116
675117
675118
675119
675120
675121
675122
675123
675124
675125
675126
675127
675128
675129
675130
675131
675132
675133
675134
675135
675136
675137
675138
675139
675140
675141
675142
675143
675144
675145
675146
675147
675148
675149
675150
675151
675152
675153
675154
675155
675156
675157
675158
675159
675160
675161
675162
675163
675164
675165
675166
675167
675168
675169
675170
675171
675172
675173
675174
675175
675176
675177
675178
675179
675180
675181
675182
675183
675184
675185
675186
675187
675188
675189
675190
675191
675192
675193
675194
675195
675196
675197
675198
675199
675200
675201
675202
675203
675204
675205
675206
675207
675208
675209
675210
675211
675212
675213
675214
675215
675216
675217
675218
675219
675220
675221
675223
675224
675225
675226
675227
675228
675229
675230
675231
675232
675233
675234
675235
675236
675237
675238
675239
675240
675241
675242
675243
675244
675245
675246
675247
675248
675249
675250
675251
675252
675253
675254
675255
675256
675257
675258
675259
675260
675261
675262
675263
675264
675265
675266
675267
675268
675269
675270
675271
675272
675273
675274
675275
675276
675277
675278
675279
675280
675281
675282
675283
675284
675285
675286
675287
675288
675289
675290
675291
675292
675293
675294
675295
675296
675297
675298
675299
675300
675301
675302
675303
675304
675305
675306
675307
675308
675309
675310
675311
675312
675313
675314
675315
675316
675317
675318
675319
675320
675321
675322
675323
675324
675325
675326
675327
675328
675329
675330
675331
675332
675334
675335
675336
675337
675338
675339
675340
675341
675342
675343
675344
675345
675346
675347
675348
675349
675350
675351
675352
675353
675354
675355
675356
675357
675358
675359
675360
675361
675362
675363
675364
675365
675366
675367
675368
675369
675370
675371
675372
675373
675374
675375
675376
675377
675378
675379
675380
675381
675382
675383
675384
675385
675386
675387
675388
675389
675390
675391
675392
675393
675394
675395
675396
675397
675398
675399
675400
675401
675402
675403
675404
675405
675406
675407
675408
675409
675410
675411
675412
675413
675414
675415
675416
675417
675418
675419
675420
675421
675422
675423
675424
675425
675426
675427
675428
675429
675430
675431
675432
675433
675434
675435
675436
675437
675438
675439
675440
675441
675442
675443
675445
675446
675447
675448
675449
675450
675451
675452
675453
675454
675455
675456
675457
675458
675459
675460
675461
675462
675463
