675464
675465
675466
675467
675468
675469
675470
675471
675472
675473
675474
675475
675476
675477
675478
675479
675480
675481
675482
675483
675484
675485
675486
675487
675488
675489
675490
675491
675492
675493
675494
675495
675496
675497
675498
675499
675500
675501
675502
675503
675504
675505
675506
675507
675508
675509
675510
675511
675512
675513
675514
675515
675516
675517
675518
675519
675520
675521
675522
675523
675524
675525
675526
675527
675528
675529
675530
675531
675532
675533
675534
675535
675536
675537
675538
675539
675540
675541
675542
675543
675544
675545
675546
675547
675548
675549
675560
675561
675562
675563
675564
675565
675566
675567
675568
675569
675570
675571
675572
675573
675574
675575
675576
675577
675578
675579
675580
675581
675582
675583
675584
675585
675586
675587
675588
675589
675590
675591
675592
675593
675594
675595
675596
675597
675598
675599
675600
675601
675602
675603
675604
675605
675606
675607
675608
675609
675610
675611
675612
675613
675614
675615
675616
675617
675618
675619
675620
675621
675622
675623
675624
675625
675626
675627
675628
675629
675630
675631
675632
675633
675634
675635
675636
675637
675638
675639
675640
675641
675642
675643
675644
675645
675646
675647
675648
675649
675650
675651
675652
675653
675654
675655
675656
675657
675658
675659
675660
675661
675662
675663
675664
675665
675667
675668
675669
675670
675671
675672
675673
675674
675675
675676
675677
675678
675679
675680
675681
675682
675683
675684
675685
675686
675687
675688
675689
675690
675691
675692
675693
675694
675695
675696
675697
675698
675699
675700
675701
675702
675703
675704
675705
675706
675707
675708
675709
675710
675711
675712
675713
675714
675715
675716
675717
675718
675719
675720
675721
675722
675723
675724
675725
675726
675727
675728
675729
675730
675731
675732
675733
675734
675735
675736
675737
675738
675739
675740
675741
675742
675743
675744
675745
675746
675747
675748
675749
675750
675751
675752
675753
675754
675755
675756
675757
675758
675759
675760
675761
675762
675763
675764
675765
675766
675767
675768
675769
675770
675771
675772
675773
675774
675775
675776
675778
675779
675780
675781
675782
675783
675784
675785
675786
675787
675788
675789
675790
675791
675792
675793
675794
675795
675796
675797
675798
675799
675800
675801
675802
675803
675804
675805
675806
675807
675808
675809
675810
675811
675812
675813
675814
675815
675816
675817
675818
675819
675820
675821
675822
675823
675824
675825
675826
675827
675828
675829
675830
675831
675832
675833
675834
675835
675836
675837
675838
675839
675840
675841
675842
675843
675844
675845
675846
675847
675848
675849
675850
675851
675852
675853
675854
675855
675856
675857
675858
675859
675860
675861
675862
675863
675864
675865
675866
675867
675868
675869
675870
675871
675872
675873
675874
675875
675876
675877
675878
675879
675880
675881
675882
675883
675884
675885
675886
675887
675889
675890
675891
675892
675893
675894
675895
675896
675897
675898
675899
675900
675901
675902
675903
675904
675905
675906
675907
675908
675909
675910
675911
675912
675913
675914
675915
675916
675917
675918
675919
675920
675921
675922
675923
675924
675925
675926
675927
675928
675929
675930
675931
675932
675933
675934
675935
675936
675937
675938
675939
675940
675941
675942
675943
675944
675945
675946
675947
675948
675949
675950
675951
675952
675953
675954
675955
675956
675957
675958
675959
675960
675961
675962
675963
675964
675965
675966
675967
675968
675969
675970
675971
675972
675973
675974
675975
675976
675977
675978
675979
675980
675981
675982
675983
675984
675985
675986
675987
675988
675989
675990
675991
675992
675993
675994
675995
675996
675997
675998
676001
676002
676003
676004
676005
676006
676007
676008
676009
676010
676011
676012
676013
676014
676015
676016
676017
676018
676019
676020
676021
676022
676023
676024
676025
676026
676027
676028
676029
676030
676031
676032
676033
676034
676035
676036
676037
676038
676039
676040
676041
676042
676043
676044
676045
676046
676047
676048
676049
676050
676051
676052
676053
676054
676055
676056
676057
676058
676059
676060
676061
676062
676063
676064
676065
676066
676067
676068
676069
676070
676071
676072
676073
676074
676075
676076
676077
676078
676079
676080
676081
676082
676083
676084
676085
676086
676087
676088
676089
676090
676091
676092
676093
676094
676095
676096
676097
676098
676099
676100
676101
676102
676103
676104
676105
676106
676107
676108
676109
676110
676112
676113
676114
676115
676116
676117
676118
676119
676120
676121
676122
676123
676124
676125
676126
676127
676128
676129
676130
676131
676132
676133
676134
676135
676136
676137
676138
676139
676140
676141
676142
676143
676144
676145
676146
676147
676148
676149
676150
676151
676152
676153
676154
676155
676156
676157
676158
676159
676160
676161
676162
676163
676164
676165
676166
676167
676168
676169
676170
676171
676172
676173
676174
676175
676176
676177
676178
676179
676180
676181
676182
676183
676184
676185
676186
676187
676188
676189
676190
676191
676192
676193
676194
676195
676196
676197
676198
676199
676200
676201
676202
676203
676204
676205
676206
676207
676208
676209
676210
676211
676212
676213
676214
676215
676216
676217
676218
676219
676220
676221
676223
676224
676225
676226
676227
676228
676229
676230
676231
676232
676233
676234
676235
676236
676237
676238
676239
676240
676241
676242
676243
676244
676245
676246
676247
676248
676249
676250
676251
676252
676253
676254
676255
676256
676257
676258
676259
676260
676261
676262
676263
676264
676265
676266
676267
676268
676269
676270
676271
676272
676273
676274
676275
676276
676277
676278
676279
676280
676281
676282
676283
676284
676285
676286
676287
676288
676289
676290
676291
676292
676293
676294
676295
676296
676297
676298
676299
676300
676301
676302
676303
676304
676305
676306
676307
676308
676309
676310
676311
676312
676313
676314
676315
676316
676317
676318
676319
676320
676321
676322
676323
676324
676325
676326
676327
676328
676329
676330
676331
676332
676334
676335
676336
676337
676338
676339
676340
676341
676342
676343
676344
676345
676346
676347
676348
676349
676350
676351
676352
676353
676354
676355
676356
676357
676358
676359
676360
676361
676362
676363
676364
676365
676366
676367
676368
676369
676370
676371
676372
676373
676374
676375
676376
676377
676378
676379
676380
676381
676382
676383
676384
676385
676386
676387
676388
676389
676390
676391
676392
676393
676394
676395
676396
676397
676398
676399
676400
676401
676402
676403
676404
676405
676406
676407
676408
676409
676410
676411
676412
676413
676414
676415
676416
676417
676418
676419
676420
676421
676422
676423
676424
676425
676426
676427
676428
676429
676430
676431
676432
676433
676434
676435
676436
676437
676438
676439
676440
676441
676442
676443
676445
676446
676447
676448
676449
676450
676451
676452
676453
676454
676455
676456
676457
676458
676459
676460
676461
676462
676463
676464
676465
676466
676467
676468
676469
676470
676471
676472
676473
676474
676475
676476
676477
676478
676479
676480
676481
676482
676483
676484
676485
676486
676487
676488
676489
676490
676491
676492
676493
676494
676495
676496
676497
676498
676499
676500
676501
676502
676503
676504
676505
676506
676507
676508
676509
676510
676511
676512
676513
676514
676515
676516
676517
676518
676519
676520
676521
676522
676523
676524
676525
676526
676527
676528
676529
676530
676531
676532
676533
676534
676535
676536
676537
676538
676539
676540
676541
676542
676543
676544
676545
676546
676547
676548
676549
676550
676551
676552
676553
676554
676556
676557
676558
676559
676560
676561
676562
676563
676564
676565
676566
676567
676568
676569
676570
676571
676572
676573
676574
676575
676576
676577
676578
676579
676580
676581
676582
676583
676584
676585
676586
676587
676588
676589
676590
676591
676592
676593
676594
676595
676596
676597
676598
676599
676600
676601
676602
676603
676604
676605
676606
676607
676608
676609
676610
676611
676612
676613
676614
676615
676616
676617
676618
676619
676620
676621
676622
676623
676624
676625
676626
