676627
676628
676629
676630
676631
676632
676633
676634
676635
676636
676637
676638
676639
676640
676641
676642
676643
676644
676645
676646
676647
676648
676649
676650
676651
676652
676653
676654
676655
676656
676657
676658
676659
676670
676671
676672
676673
676674
676675
676676
676677
676678
676679
676680
676681
676682
676683
676684
676685
676686
676687
676688
676689
676690
676691
676692
676693
676694
676695
676696
676697
676698
676699
676700
676701
676702
676703
676704
676705
676706
676707
676708
676709
676710
676711
676712
676713
676714
676715
676716
676717
676718
676719
676720
676721
676722
676723
676724
676725
676726
676727
676728
676729
676730
676731
676732
676733
676734
676735
676736
676737
676738
676739
676740
676741
676742
676743
676744
676745
676746
676747
676748
676749
676750
676751
676752
676753
676754
676755
676756
676757
676758
676759
676760
676761
676762
676763
676764
676765
676766
676767
676768
676769
676770
676771
676772
676773
676774
676775
676776
676778
676779
676780
676781
676782
676783
676784
676785
676786
676787
676788
676789
676790
676791
676792
676793
676794
676795
676796
676797
676798
676799
676800
676801
676802
676803
676804
676805
676806
676807
676808
676809
676810
676811
676812
676813
676814
676815
676816
676817
676818
676819
676820
676821
676822
676823
676824
676825
676826
676827
676828
676829
676830
676831
676832
676833
676834
676835
676836
676837
676838
676839
676840
676841
676842
676843
676844
676845
676846
676847
676848
676849
676850
676851
676852
676853
676854
676855
676856
676857
676858
676859
676860
676861
676862
676863
676864
676865
676866
676867
676868
676869
676870
676871
676872
676873
676874
676875
676876
676877
676878
676879
676880
676881
676882
676883
676884
676885
676886
676887
676889
676890
676891
676892
676893
676894
676895
676896
676897
676898
676899
676900
676901
676902
676903
676904
676905
676906
676907
676908
676909
676910
676911
676912
676913
676914
676915
676916
676917
676918
676919
676920
676921
676922
676923
676924
676925
676926
676927
676928
676929
676930
676931
676932
676933
676934
676935
676936
676937
676938
676939
676940
676941
676942
676943
676944
676945
676946
676947
676948
676949
676950
676951
676952
676953
676954
676955
676956
676957
676958
676959
676960
676961
676962
676963
676964
676965
676966
676967
676968
676969
676970
676971
676972
676973
676974
676975
676976
676977
676978
676979
676980
676981
676982
676983
676984
676985
676986
676987
676988
676989
676990
676991
676992
676993
676994
676995
676996
676997
676998
677001
677002
677003
677004
677005
677006
677007
677008
677009
677010
677011
677012
677013
677014
677015
677016
677017
677018
677019
677020
677021
677022
677023
677024
677025
677026
677027
677028
677029
677030
677031
677032
677033
677034
677035
677036
677037
677038
677039
677040
677041
677042
677043
677044
677045
677046
677047
677048
677049
677050
677051
677052
677053
677054
677055
677056
677057
677058
677059
677060
677061
677062
677063
677064
677065
677066
677067
677068
677069
677070
677071
677072
677073
677074
677075
677076
677077
677078
677079
677080
677081
677082
677083
677084
677085
677086
677087
677088
677089
677090
677091
677092
677093
677094
677095
677096
677097
677098
677099
677100
677101
677102
677103
677104
677105
677106
677107
677108
677109
677110
677112
677113
677114
677115
677116
677117
677118
677119
677120
677121
677122
677123
677124
677125
677126
677127
677128
677129
677130
677131
677132
677133
677134
677135
677136
677137
677138
677139
677140
677141
677142
677143
677144
677145
677146
677147
677148
677149
677150
677151
677152
677153
677154
677155
677156
677157
677158
677159
677160
677161
677162
677163
677164
677165
677166
677167
677168
677169
677170
677171
677172
677173
677174
677175
677176
677177
677178
677179
677180
677181
677182
677183
677184
677185
677186
677187
677188
677189
677190
677191
677192
677193
677194
677195
677196
677197
677198
677199
677200
677201
677202
677203
677204
677205
677206
677207
677208
677209
677210
677211
677212
677213
677214
677215
677216
677217
677218
677219
677220
677221
677223
677224
677225
677226
677227
677228
677229
677230
677231
677232
677233
677234
677235
677236
677237
677238
677239
677240
677241
677242
677243
677244
677245
677246
677247
677248
677249
677250
677251
677252
677253
677254
677255
677256
677257
677258
677259
677260
677261
677262
677263
677264
677265
677266
677267
677268
677269
677270
677271
677272
677273
677274
677275
677276
677277
677278
677279
677280
677281
677282
677283
677284
677285
677286
677287
677288
677289
677290
677291
677292
677293
677294
677295
677296
677297
677298
677299
677300
677301
677302
677303
677304
677305
677306
677307
677308
677309
677310
677311
677312
677313
677314
677315
677316
677317
677318
677319
677320
677321
677322
677323
677324
677325
677326
677327
677328
677329
677330
677331
677332
677334
677335
677336
677337
677338
677339
677340
677341
677342
677343
677344
677345
677346
677347
677348
677349
677350
677351
677352
677353
677354
677355
677356
677357
677358
677359
677360
677361
677362
677363
677364
677365
677366
677367
677368
677369
677370
677371
677372
677373
677374
677375
677376
677377
677378
677379
677380
677381
677382
677383
677384
677385
677386
677387
677388
677389
677390
677391
677392
677393
677394
677395
677396
677397
677398
677399
677400
677401
677402
677403
677404
677405
677406
677407
677408
677409
677410
677411
677412
677413
677414
677415
677416
677417
677418
677419
677420
677421
677422
677423
677424
677425
677426
677427
677428
677429
677430
677431
677432
677433
677434
677435
677436
677437
677438
677439
677440
677441
677442
677443
677445
677446
677447
677448
677449
677450
677451
677452
677453
677454
677455
677456
677457
677458
677459
677460
677461
677462
677463
677464
677465
677466
677467
677468
677469
677470
677471
677472
677473
677474
677475
677476
677477
677478
677479
677480
677481
677482
677483
677484
677485
677486
677487
677488
677489
677490
677491
677492
677493
677494
677495
677496
677497
677498
677499
677500
677501
677502
677503
677504
677505
677506
677507
677508
677509
677510
677511
677512
677513
677514
677515
677516
677517
677518
677519
677520
677521
677522
677523
677524
677525
677526
677527
677528
677529
677530
677531
677532
677533
677534
677535
677536
677537
677538
677539
677540
677541
677542
677543
677544
677545
677546
677547
677548
677549
677550
677551
677552
677553
677554
677556
677557
677558
677559
677560
677561
677562
677563
677564
677565
677566
677567
677568
677569
677570
677571
677572
677573
677574
677575
677576
677577
677578
677579
677580
677581
677582
677583
677584
677585
677586
677587
677588
677589
677590
677591
677592
677593
677594
677595
677596
677597
677598
677599
677600
677601
677602
677603
677604
677605
677606
677607
677608
677609
677610
677611
677612
677613
677614
677615
677616
677617
677618
677619
677620
677621
677622
677623
677624
677625
677626
677627
677628
677629
677630
677631
677632
677633
677634
677635
677636
677637
677638
677639
677640
677641
677642
677643
677644
677645
677646
677647
677648
677649
677650
677651
677652
677653
677654
677655
677656
677657
677658
677659
677660
677661
677662
677663
677664
677665
677667
677668
677669
677670
677671
677672
677673
677674
677675
677676
677677
677678
677679
677680
677681
677682
677683
677684
677685
677686
677687
677688
677689
677690
677691
677692
677693
677694
677695
677696
677697
677698
677699
677800
677801
677802
677803
677804
677805
677806
677807
677808
677809
677810
677811
677812
677813
677814
677815
677816
677817
677818
677819
677820
677821
677822
677823
677824
677825
677826
677827
677828
677829
677830
677831
677832
677833
677834
677835
677836
677837
677838
677839
677840
677841
677842
677843
677844
677845
677846
677847
677848
677849
677850
677851
677852
677853
677854
677855
677856
677857
677858
677859
677860
677861
677862
677863
677864
677865
677866
677867
677868
677869
677870
677871
677872
677873
677874
677875
677876
677877
677878
677879
677880
677881
677882
677883
677884
677885
677886
677887
677889
677890
