677891
677892
677893
677894
677895
677896
677897
677898
677899
677900
677901
677902
677903
677904
677905
677906
677907
677908
677909
677910
677911
677912
677913
677914
677915
677916
677917
677918
677919
677920
677921
677922
677923
677924
677925
677926
677927
677928
677929
677930
677931
677932
677933
677934
677935
677936
677937
677938
677939
677940
677941
677942
677943
677944
677945
677946
677947
677948
677949
677950
677951
677952
677953
677954
677955
677956
677957
677958
677959
677960
677961
677962
677963
677964
677965
677966
677967
677968
677969
677970
677971
677972
677973
677974
677975
677976
677977
677978
677979
677980
677981
677982
677983
677984
677985
677986
677987
677988
677989
677990
677991
677992
677993
677994
677995
677996
677997
677998
678001
678002
678003
678004
678005
678006
678007
678008
678009
678010
678011
678012
678013
678014
678015
678016
678017
678018
678019
678020
678021
678022
678023
678024
678025
678026
678027
678028
678029
678030
678031
678032
678033
678034
678035
678036
678037
678038
678039
678040
678041
678042
678043
678044
678045
678046
678047
678048
678049
678050
678051
678052
678053
678054
678055
678056
678057
678058
678059
678060
678061
678062
678063
678064
678065
678066
678067
678068
678069
678070
678071
678072
678073
678074
678075
678076
678077
678078
678079
678080
678081
678082
678083
678084
678085
678086
678087
678088
678089
678090
678091
678092
678093
678094
678095
678096
678097
678098
678099
678100
678101
678102
678103
678104
678105
678106
678107
678108
678109
678110
678112
678113
678114
678115
678116
678117
678118
678119
678120
678121
678122
678123
678124
678125
678126
678127
678128
678129
678130
678131
678132
678133
678134
678135
678136
678137
678138
678139
678140
678141
678142
678143
678144
678145
678146
678147
678148
678149
678150
678151
678152
678153
678154
678155
678156
678157
678158
678159
678160
678161
678162
678163
678164
678165
678166
678167
678168
678169
678170
678171
678172
678173
678174
678175
678176
678177
678178
678179
678180
678181
678182
678183
678184
678185
678186
678187
678188
678189
678190
678191
678192
678193
678194
678195
678196
678197
678198
678199
678200
678201
678202
678203
678204
678205
678206
678207
678208
678209
678210
678211
678212
678213
678214
678215
678216
678217
678218
678219
678220
678221
678223
678224
678225
678226
678227
678228
678229
678230
678231
678232
678233
678234
678235
678236
678237
678238
678239
678240
678241
678242
678243
678244
678245
678246
678247
678248
678249
678250
678251
678252
678253
678254
678255
678256
678257
678258
678259
678260
678261
678262
678263
678264
678265
678266
678267
678268
678269
678270
678271
678272
678273
678274
678275
678276
678277
678278
678279
678280
678281
678282
678283
678284
678285
678286
678287
678288
678289
678290
678291
678292
678293
678294
678295
678296
678297
678298
678299
678300
678301
678302
678303
678304
678305
678306
678307
678308
678309
678310
678311
678312
678313
678314
678315
678316
678317
678318
678319
678320
678321
678322
678323
678324
678325
678326
678327
678328
678329
678330
678331
678332
678334
678335
678336
678337
678338
678339
678340
678341
678342
678343
678344
678345
678346
678347
678348
678349
678350
678351
678352
678353
678354
678355
678356
678357
678358
678359
678360
678361
678362
678363
678364
678365
678366
678367
678368
678369
678370
678371
678372
678373
678374
678375
678376
678377
678378
678379
678380
678381
678382
678383
678384
678385
678386
678387
678388
678389
678390
678391
678392
678393
678394
678395
678396
678397
678398
678399
678400
678401
678402
678403
678404
678405
678406
678407
678408
678409
678410
678411
678412
678413
678414
678415
678416
678417
678418
678419
678420
678421
678422
678423
678424
678425
678426
678427
678428
678429
678430
678431
678432
678433
678434
678435
678436
678437
678438
678439
678440
678441
678442
678443
678445
678446
678447
678448
678449
678450
678451
678452
678453
678454
678455
678456
678457
678458
678459
678460
678461
678462
678463
678464
678465
678466
678467
678468
678469
678470
678471
678472
678473
678474
678475
678476
678477
678478
678479
678480
678481
678482
678483
678484
678485
678486
678487
678488
678489
678490
678491
678492
678493
678494
678495
678496
678497
678498
678499
678500
678501
678502
678503
678504
678505
678506
678507
678508
678509
678510
678511
678512
678513
678514
678515
678516
678517
678518
678519
678520
678521
678522
678523
678524
678525
678526
678527
678528
678529
678530
678531
678532
678533
678534
678535
678536
678537
678538
678539
678540
678541
678542
678543
678544
678545
678546
678547
678548
678549
678550
678551
678552
678553
678554
678556
678557
678558
678559
678560
678561
678562
678563
678564
678565
678566
678567
678568
678569
678570
678571
678572
678573
678574
678575
678576
678577
678578
678579
678580
678581
678582
678583
678584
678585
678586
678587
678588
678589
678590
678591
678592
678593
678594
678595
678596
678597
678598
678599
678600
678601
678602
678603
678604
678605
678606
678607
678608
678609
678610
678611
678612
678613
678614
678615
678616
678617
678618
678619
678620
678621
678622
678623
678624
678625
678626
678627
678628
678629
678630
678631
678632
678633
678634
678635
678636
678637
678638
678639
678640
678641
678642
678643
678644
678645
678646
678647
678648
678649
678650
678651
678652
678653
678654
678655
678656
678657
678658
678659
678660
678661
678662
678663
678664
678665
678667
678668
678669
678670
678671
678672
678673
678674
678675
678676
678677
678678
678679
678680
678681
678682
678683
678684
678685
678686
678687
678688
678689
678690
678691
678692
678693
678694
678695
678696
678697
678698
678699
678700
678701
678702
678703
678704
678705
678706
678707
678708
678709
678710
678711
678712
678713
678714
678715
678716
678717
678718
678719
678720
678721
678722
678723
678724
678725
678726
678727
678728
678729
678730
678731
678732
678733
678734
678735
678736
678737
678738
678739
678740
678741
678742
678743
678744
678745
678746
678747
678748
678749
678750
678751
678752
678753
678754
678755
678756
678757
678758
678759
678760
678761
678762
678763
678764
678765
678766
678767
678768
678769
678770
678771
678772
678773
678774
678775
678776
678778
678779
678780
678781
678782
678783
678784
678785
678786
678787
678788
678789
678790
678791
678792
678793
678794
678795
678796
678797
678798
678799
678800
678801
678802
678803
678804
678805
678806
678807
678808
678809
678810
678811
678812
678813
678814
678815
678816
678817
678818
678819
678820
678821
678822
678823
678824
678825
678826
678827
678828
678829
678830
678831
678832
678833
678834
678835
678836
678837
678838
678839
678840
678841
678842
678843
678844
678845
678846
678847
678848
678849
678850
678851
678852
678853
678854
678855
678856
678857
678858
678859
678860
678861
678862
678863
678864
678865
678866
678867
678868
678869
678870
678871
678872
678873
678874
678875
678876
678877
678878
678879
678890
678891
678892
678893
678894
678895
678896
678897
678898
678899
678900
678901
678902
678903
678904
678905
678906
678907
678908
678909
678910
678911
678912
678913
678914
678915
678916
678917
678918
678919
678920
678921
678922
678923
678924
678925
678926
678927
678928
678929
678930
678931
678932
678933
678934
678935
678936
678937
678938
678939
678940
678941
678942
678943
678944
678945
678946
678947
678948
678949
678950
678951
678952
678953
678954
678955
678956
678957
678958
678959
678960
678961
678962
678963
678964
678965
678966
678967
678968
678969
678970
678971
678972
678973
678974
678975
678976
678977
678978
678979
678980
678981
678982
678983
678984
678985
678986
678987
678988
678989
678990
678991
678992
678993
678994
678995
678996
678997
678998
679001
679002
679003
679004
679005
679006
679007
679008
679009
679010
679011
679012
679013
679014
679015
679016
679017
679018
679019
679020
679021
679022
679023
679024
679025
679026
679027
679028
679029
679030
679031
679032
679033
679034
679035
679036
679037
679038
679039
679040
679041
679042
679043
679044
679045
679046
679047
679048
679049
679050
679051
679052
679053
679054
