679055
679056
679057
679058
679059
679060
679061
679062
679063
679064
679065
679066
679067
679068
679069
679070
679071
679072
679073
679074
679075
679076
679077
679078
679079
679080
679081
679082
679083
679084
679085
679086
679087
679088
679089
679090
679091
679092
679093
679094
679095
679096
679097
679098
679099
679100
679101
679102
679103
679104
679105
679106
679107
679108
679109
679110
679112
679113
679114
679115
679116
679117
679118
679119
679120
679121
679122
679123
679124
679125
679126
679127
679128
679129
679130
679131
679132
679133
679134
679135
679136
679137
679138
679139
679140
679141
679142
679143
679144
679145
679146
679147
679148
679149
679150
679151
679152
679153
679154
679155
679156
679157
679158
679159
679160
679161
679162
679163
679164
679165
679166
679167
679168
679169
679170
679171
679172
679173
679174
679175
679176
679177
679178
679179
679180
679181
679182
679183
679184
679185
679186
679187
679188
679189
679190
679191
679192
679193
679194
679195
679196
679197
679198
679199
679200
679201
679202
679203
679204
679205
679206
679207
679208
679209
679210
679211
679212
679213
679214
679215
679216
679217
679218
679219
679220
679221
679223
679224
679225
679226
679227
679228
679229
679230
679231
679232
679233
679234
679235
679236
679237
679238
679239
679240
679241
679242
679243
679244
679245
679246
679247
679248
679249
679250
679251
679252
679253
679254
679255
679256
679257
679258
679259
679260
679261
679262
679263
679264
679265
679266
679267
679268
679269
679270
679271
679272
679273
679274
679275
679276
679277
679278
679279
679280
679281
679282
679283
679284
679285
679286
679287
679288
679289
679290
679291
679292
679293
679294
679295
679296
679297
679298
679299
679300
679301
679302
679303
679304
679305
679306
679307
679308
679309
679310
679311
679312
679313
679314
679315
679316
679317
679318
679319
679320
679321
679322
679323
679324
679325
679326
679327
679328
679329
679330
679331
679332
679334
679335
679336
679337
679338
679339
679340
679341
679342
679343
679344
679345
679346
679347
679348
679349
679350
679351
679352
679353
679354
679355
679356
679357
679358
679359
679360
679361
679362
679363
679364
679365
679366
679367
679368
679369
679370
679371
679372
679373
679374
679375
679376
679377
679378
679379
679380
679381
679382
679383
679384
679385
679386
679387
679388
679389
679390
679391
679392
679393
679394
679395
679396
679397
679398
679399
679400
679401
679402
679403
679404
679405
679406
679407
679408
679409
679410
679411
679412
679413
679414
679415
679416
679417
679418
679419
679420
679421
679422
679423
679424
679425
679426
679427
679428
679429
679430
679431
679432
679433
679434
679435
679436
679437
679438
679439
679440
679441
679442
679443
679445
679446
679447
679448
679449
679450
679451
679452
679453
679454
679455
679456
679457
679458
679459
679460
679461
679462
679463
679464
679465
679466
679467
679468
679469
679470
679471
679472
679473
679474
679475
679476
679477
679478
679479
679480
679481
679482
679483
679484
679485
679486
679487
679488
679489
679490
679491
679492
679493
679494
679495
679496
679497
679498
679499
679500
679501
679502
679503
679504
679505
679506
679507
679508
679509
679510
679511
679512
679513
679514
679515
679516
679517
679518
679519
679520
679521
679522
679523
679524
679525
679526
679527
679528
679529
679530
679531
679532
679533
679534
679535
679536
679537
679538
679539
679540
679541
679542
679543
679544
679545
679546
679547
679548
679549
679550
679551
679552
679553
679554
679556
679557
679558
679559
679560
679561
679562
679563
679564
679565
679566
679567
679568
679569
679570
679571
679572
679573
679574
679575
679576
679577
679578
679579
679580
679581
679582
679583
679584
679585
679586
679587
679588
679589
679590
679591
679592
679593
679594
679595
679596
679597
679598
679599
679600
679601
679602
679603
679604
679605
679606
679607
679608
679609
679610
679611
679612
679613
679614
679615
679616
679617
679618
679619
679620
679621
679622
679623
679624
679625
679626
679627
679628
679629
679630
679631
679632
679633
679634
679635
679636
679637
679638
679639
679640
679641
679642
679643
679644
679645
679646
679647
679648
679649
679650
679651
679652
679653
679654
679655
679656
679657
679658
679659
679660
679661
679662
679663
679664
679665
679667
679668
679669
679670
679671
679672
679673
679674
679675
679676
679677
679678
679679
679680
679681
679682
679683
679684
679685
679686
679687
679688
679689
679690
679691
679692
679693
679694
679695
679696
679697
679698
679699
679700
679701
679702
679703
679704
679705
679706
679707
679708
679709
679710
679711
679712
679713
679714
679715
679716
679717
679718
679719
679720
679721
679722
679723
679724
679725
679726
679727
679728
679729
679730
679731
679732
679733
679734
679735
679736
679737
679738
679739
679740
679741
679742
679743
679744
679745
679746
679747
679748
679749
679750
679751
679752
679753
679754
679755
679756
679757
679758
679759
679760
679761
679762
679763
679764
679765
679766
679767
679768
679769
679770
679771
679772
679773
679774
679775
679776
679778
679779
679780
679781
679782
679783
679784
679785
679786
679787
679788
679789
679790
679791
679792
679793
679794
679795
679796
679797
679798
679799
679800
679801
679802
679803
679804
679805
679806
679807
679808
679809
679810
679811
679812
679813
679814
679815
679816
679817
679818
679819
679820
679821
679822
679823
679824
679825
679826
679827
679828
679829
679830
679831
679832
679833
679834
679835
679836
679837
679838
679839
679840
679841
679842
679843
679844
679845
679846
679847
679848
679849
679850
679851
679852
679853
679854
679855
679856
679857
679858
679859
679860
679861
679862
679863
679864
679865
679866
679867
679868
679869
679870
679871
679872
679873
679874
679875
679876
679877
679878
679879
679880
679881
679882
679883
679884
679885
679886
679887
679889
679890
679891
679892
679893
679894
679895
679896
679897
679898
679899
679900
679901
679902
679903
679904
679905
679906
679907
679908
679909
679910
679911
679912
679913
679914
679915
679916
679917
679918
679919
679920
679921
679922
679923
679924
679925
679926
679927
679928
679929
679930
679931
679932
679933
679934
679935
679936
679937
679938
679939
679940
679941
679942
679943
679944
679945
679946
679947
679948
679949
679950
679951
679952
679953
679954
679955
679956
679957
679958
679959
679960
679961
679962
679963
679964
679965
679966
679967
679968
679969
679970
679971
679972
679973
679974
679975
679976
679977
679978
679979
679980
679981
679982
679983
679984
679985
679986
679987
679988
679989
680010
680011
680012
680013
680014
680015
680016
680017
680018
680019
680020
680021
680022
680023
680024
680025
680026
680027
680028
680029
680030
680031
680032
680033
680034
680035
680036
680037
680038
680039
680040
680041
680042
680043
680044
680045
680046
680047
680048
680049
680050
680051
680052
680053
680054
680055
680056
680057
680058
680059
680060
680061
680062
680063
680064
680065
680066
680067
680068
680069
680070
680071
680072
680073
680074
680075
680076
680077
680078
680079
680080
680081
680082
680083
680084
680085
680086
680087
680088
680089
680090
680091
680092
680093
680094
680095
680096
680097
680098
680099
680100
680101
680102
680103
680104
680105
680106
680107
680108
680109
680110
680112
680113
680114
680115
680116
680117
680118
680119
680120
680121
680122
680123
680124
680125
680126
680127
680128
680129
680130
680131
680132
680133
680134
680135
680136
680137
680138
680139
680140
680141
680142
680143
680144
680145
680146
680147
680148
680149
680150
680151
680152
680153
680154
680155
680156
680157
680158
680159
680160
680161
680162
680163
680164
680165
680166
680167
680168
680169
680170
680171
680172
680173
680174
680175
680176
680177
680178
680179
680180
680181
680182
680183
680184
680185
680186
680187
680188
680189
680190
680191
680192
680193
680194
680195
680196
680197
680198
680199
680200
680201
680202
680203
680204
680205
680206
680207
680208
680209
680210
680211
680212
680213
680214
680215
680216
680217
680218
680219
680220
680221
680223
680224
680225
680226
680227
