680228
680229
680230
680231
680232
680233
680234
680235
680236
680237
680238
680239
680240
680241
680242
680243
680244
680245
680246
680247
680248
680249
680250
680251
680252
680253
680254
680255
680256
680257
680258
680259
680260
680261
680262
680263
680264
680265
680266
680267
680268
680269
680270
680271
680272
680273
680274
680275
680276
680277
680278
680279
680280
680281
680282
680283
680284
680285
680286
680287
680288
680289
680290
680291
680292
680293
680294
680295
680296
680297
680298
680299
680300
680301
680302
680303
680304
680305
680306
680307
680308
680309
680310
680311
680312
680313
680314
680315
680316
680317
680318
680319
680320
680321
680322
680323
680324
680325
680326
680327
680328
680329
680330
680331
680332
680334
680335
680336
680337
680338
680339
680340
680341
680342
680343
680344
680345
680346
680347
680348
680349
680350
680351
680352
680353
680354
680355
680356
680357
680358
680359
680360
680361
680362
680363
680364
680365
680366
680367
680368
680369
680370
680371
680372
680373
680374
680375
680376
680377
680378
680379
680380
680381
680382
680383
680384
680385
680386
680387
680388
680389
680390
680391
680392
680393
680394
680395
680396
680397
680398
680399
680400
680401
680402
680403
680404
680405
680406
680407
680408
680409
680410
680411
680412
680413
680414
680415
680416
680417
680418
680419
680420
680421
680422
680423
680424
680425
680426
680427
680428
680429
680430
680431
680432
680433
680434
680435
680436
680437
680438
680439
680440
680441
680442
680443
680445
680446
680447
680448
680449
680450
680451
680452
680453
680454
680455
680456
680457
680458
680459
680460
680461
680462
680463
680464
680465
680466
680467
680468
680469
680470
680471
680472
680473
680474
680475
680476
680477
680478
680479
680480
680481
680482
680483
680484
680485
680486
680487
680488
680489
680490
680491
680492
680493
680494
680495
680496
680497
680498
680499
680500
680501
680502
680503
680504
680505
680506
680507
680508
680509
680510
680511
680512
680513
680514
680515
680516
680517
680518
680519
680520
680521
680522
680523
680524
680525
680526
680527
680528
680529
680530
680531
680532
680533
680534
680535
680536
680537
680538
680539
680540
680541
680542
680543
680544
680545
680546
680547
680548
680549
680550
680551
680552
680553
680554
680556
680557
680558
680559
680560
680561
680562
680563
680564
680565
680566
680567
680568
680569
680570
680571
680572
680573
680574
680575
680576
680577
680578
680579
680580
680581
680582
680583
680584
680585
680586
680587
680588
680589
680590
680591
680592
680593
680594
680595
680596
680597
680598
680599
680600
680601
680602
680603
680604
680605
680606
680607
680608
680609
680610
680611
680612
680613
680614
680615
680616
680617
680618
680619
680620
680621
680622
680623
680624
680625
680626
680627
680628
680629
680630
680631
680632
680633
680634
680635
680636
680637
680638
680639
680640
680641
680642
680643
680644
680645
680646
680647
680648
680649
680650
680651
680652
680653
680654
680655
680656
680657
680658
680659
680660
680661
680662
680663
680664
680665
680667
680668
680669
680670
680671
680672
680673
680674
680675
680676
680677
680678
680679
680680
680681
680682
680683
680684
680685
680686
680687
680688
680689
680690
680691
680692
680693
680694
680695
680696
680697
680698
680699
680700
680701
680702
680703
680704
680705
680706
680707
680708
680709
680710
680711
680712
680713
680714
680715
680716
680717
680718
680719
680720
680721
680722
680723
680724
680725
680726
680727
680728
680729
680730
680731
680732
680733
680734
680735
680736
680737
680738
680739
680740
680741
680742
680743
680744
680745
680746
680747
680748
680749
680750
680751
680752
680753
680754
680755
680756
680757
680758
680759
680760
680761
680762
680763
680764
680765
680766
680767
680768
680769
680770
680771
680772
680773
680774
680775
680776
680778
680779
680780
680781
680782
680783
680784
680785
680786
680787
680788
680789
680790
680791
680792
680793
680794
680795
680796
680797
680798
680799
680800
680801
680802
680803
680804
680805
680806
680807
680808
680809
680810
680811
680812
680813
680814
680815
680816
680817
680818
680819
680820
680821
680822
680823
680824
680825
680826
680827
680828
680829
680830
680831
680832
680833
680834
680835
680836
680837
680838
680839
680840
680841
680842
680843
680844
680845
680846
680847
680848
680849
680850
680851
680852
680853
680854
680855
680856
680857
680858
680859
680860
680861
680862
680863
680864
680865
680866
680867
680868
680869
680870
680871
680872
680873
680874
680875
680876
680877
680878
680879
680880
680881
680882
680883
680884
680885
680886
680887
680889
680890
680891
680892
680893
680894
680895
680896
680897
680898
680899
680900
680901
680902
680903
680904
680905
680906
680907
680908
680909
680910
680911
680912
680913
680914
680915
680916
680917
680918
680919
680920
680921
680922
680923
680924
680925
680926
680927
680928
680929
680930
680931
680932
680933
680934
680935
680936
680937
680938
680939
680940
680941
680942
680943
680944
680945
680946
680947
680948
680949
680950
680951
680952
680953
680954
680955
680956
680957
680958
680959
680960
680961
680962
680963
680964
680965
680966
680967
680968
680969
680970
680971
680972
680973
680974
680975
680976
680977
680978
680979
680980
680981
680982
680983
680984
680985
680986
680987
680988
680989
680990
680991
680992
680993
680994
680995
680996
680997
680998
681001
681002
681003
681004
681005
681006
681007
681008
681009
681010
681011
681012
681013
681014
681015
681016
681017
681018
681019
681020
681021
681022
681023
681024
681025
681026
681027
681028
681029
681030
681031
681032
681033
681034
681035
681036
681037
681038
681039
681040
681041
681042
681043
681044
681045
681046
681047
681048
681049
681050
681051
681052
681053
681054
681055
681056
681057
681058
681059
681060
681061
681062
681063
681064
681065
681066
681067
681068
681069
681070
681071
681072
681073
681074
681075
681076
681077
681078
681079
681080
681081
681082
681083
681084
681085
681086
681087
681088
681089
681090
681091
681092
681093
681094
681095
681096
681097
681098
681099
681100
681101
681102
681103
681104
681105
681106
681107
681108
681109
681120
681121
681122
681123
681124
681125
681126
681127
681128
681129
681130
681131
681132
681133
681134
681135
681136
681137
681138
681139
681140
681141
681142
681143
681144
681145
681146
681147
681148
681149
681150
681151
681152
681153
681154
681155
681156
681157
681158
681159
681160
681161
681162
681163
681164
681165
681166
681167
681168
681169
681170
681171
681172
681173
681174
681175
681176
681177
681178
681179
681180
681181
681182
681183
681184
681185
681186
681187
681188
681189
681190
681191
681192
681193
681194
681195
681196
681197
681198
681199
681200
681201
681202
681203
681204
681205
681206
681207
681208
681209
681210
681211
681212
681213
681214
681215
681216
681217
681218
681219
681220
681221
681223
681224
681225
681226
681227
681228
681229
681230
681231
681232
681233
681234
681235
681236
681237
681238
681239
681240
681241
681242
681243
681244
681245
681246
681247
681248
681249
681250
681251
681252
681253
681254
681255
681256
681257
681258
681259
681260
681261
681262
681263
681264
681265
681266
681267
681268
681269
681270
681271
681272
681273
681274
681275
681276
681277
681278
681279
681280
681281
681282
681283
681284
681285
681286
681287
681288
681289
681290
681291
681292
681293
681294
681295
681296
681297
681298
681299
681300
681301
681302
681303
681304
681305
681306
681307
681308
681309
681310
681311
681312
681313
681314
681315
681316
681317
681318
681319
681320
681321
681322
681323
681324
681325
681326
681327
681328
681329
681330
681331
681332
681334
681335
681336
681337
681338
681339
681340
681341
681342
681343
681344
681345
681346
681347
681348
681349
681350
681351
681352
681353
681354
681355
681356
681357
681358
681359
681360
681361
681362
681363
681364
681365
681366
681367
681368
681369
681370
681371
681372
681373
681374
681375
681376
681377
681378
681379
681380
681381
681382
681383
681384
681385
681386
681387
681388
681389
681390
