681391
681392
681393
681394
681395
681396
681397
681398
681399
681400
681401
681402
681403
681404
681405
681406
681407
681408
681409
681410
681411
681412
681413
681414
681415
681416
681417
681418
681419
681420
681421
681422
681423
681424
681425
681426
681427
681428
681429
681430
681431
681432
681433
681434
681435
681436
681437
681438
681439
681440
681441
681442
681443
681445
681446
681447
681448
681449
681450
681451
681452
681453
681454
681455
681456
681457
681458
681459
681460
681461
681462
681463
681464
681465
681466
681467
681468
681469
681470
681471
681472
681473
681474
681475
681476
681477
681478
681479
681480
681481
681482
681483
681484
681485
681486
681487
681488
681489
681490
681491
681492
681493
681494
681495
681496
681497
681498
681499
681500
681501
681502
681503
681504
681505
681506
681507
681508
681509
681510
681511
681512
681513
681514
681515
681516
681517
681518
681519
681520
681521
681522
681523
681524
681525
681526
681527
681528
681529
681530
681531
681532
681533
681534
681535
681536
681537
681538
681539
681540
681541
681542
681543
681544
681545
681546
681547
681548
681549
681550
681551
681552
681553
681554
681556
681557
681558
681559
681560
681561
681562
681563
681564
681565
681566
681567
681568
681569
681570
681571
681572
681573
681574
681575
681576
681577
681578
681579
681580
681581
681582
681583
681584
681585
681586
681587
681588
681589
681590
681591
681592
681593
681594
681595
681596
681597
681598
681599
681600
681601
681602
681603
681604
681605
681606
681607
681608
681609
681610
681611
681612
681613
681614
681615
681616
681617
681618
681619
681620
681621
681622
681623
681624
681625
681626
681627
681628
681629
681630
681631
681632
681633
681634
681635
681636
681637
681638
681639
681640
681641
681642
681643
681644
681645
681646
681647
681648
681649
681650
681651
681652
681653
681654
681655
681656
681657
681658
681659
681660
681661
681662
681663
681664
681665
681667
681668
681669
681670
681671
681672
681673
681674
681675
681676
681677
681678
681679
681680
681681
681682
681683
681684
681685
681686
681687
681688
681689
681690
681691
681692
681693
681694
681695
681696
681697
681698
681699
681700
681701
681702
681703
681704
681705
681706
681707
681708
681709
681710
681711
681712
681713
681714
681715
681716
681717
681718
681719
681720
681721
681722
681723
681724
681725
681726
681727
681728
681729
681730
681731
681732
681733
681734
681735
681736
681737
681738
681739
681740
681741
681742
681743
681744
681745
681746
681747
681748
681749
681750
681751
681752
681753
681754
681755
681756
681757
681758
681759
681760
681761
681762
681763
681764
681765
681766
681767
681768
681769
681770
681771
681772
681773
681774
681775
681776
681778
681779
681780
681781
681782
681783
681784
681785
681786
681787
681788
681789
681790
681791
681792
681793
681794
681795
681796
681797
681798
681799
681800
681801
681802
681803
681804
681805
681806
681807
681808
681809
681810
681811
681812
681813
681814
681815
681816
681817
681818
681819
681820
681821
681822
681823
681824
681825
681826
681827
681828
681829
681830
681831
681832
681833
681834
681835
681836
681837
681838
681839
681840
681841
681842
681843
681844
681845
681846
681847
681848
681849
681850
681851
681852
681853
681854
681855
681856
681857
681858
681859
681860
681861
681862
681863
681864
681865
681866
681867
681868
681869
681870
681871
681872
681873
681874
681875
681876
681877
681878
681879
681880
681881
681882
681883
681884
681885
681886
681887
681889
681890
681891
681892
681893
681894
681895
681896
681897
681898
681899
681900
681901
681902
681903
681904
681905
681906
681907
681908
681909
681910
681911
681912
681913
681914
681915
681916
681917
681918
681919
681920
681921
681922
681923
681924
681925
681926
681927
681928
681929
681930
681931
681932
681933
681934
681935
681936
681937
681938
681939
681940
681941
681942
681943
681944
681945
681946
681947
681948
681949
681950
681951
681952
681953
681954
681955
681956
681957
681958
681959
681960
681961
681962
681963
681964
681965
681966
681967
681968
681969
681970
681971
681972
681973
681974
681975
681976
681977
681978
681979
681980
681981
681982
681983
681984
681985
681986
681987
681988
681989
681990
681991
681992
681993
681994
681995
681996
681997
681998
682001
682002
682003
682004
682005
682006
682007
682008
682009
682010
682011
682012
682013
682014
682015
682016
682017
682018
682019
682020
682021
682022
682023
682024
682025
682026
682027
682028
682029
682030
682031
682032
682033
682034
682035
682036
682037
682038
682039
682040
682041
682042
682043
682044
682045
682046
682047
682048
682049
682050
682051
682052
682053
682054
682055
682056
682057
682058
682059
682060
682061
682062
682063
682064
682065
682066
682067
682068
682069
682070
682071
682072
682073
682074
682075
682076
682077
682078
682079
682080
682081
682082
682083
682084
682085
682086
682087
682088
682089
682090
682091
682092
682093
682094
682095
682096
682097
682098
682099
682100
682101
682102
682103
682104
682105
682106
682107
682108
682109
682110
682112
682113
682114
682115
682116
682117
682118
682119
682120
682121
682122
682123
682124
682125
682126
682127
682128
682129
682130
682131
682132
682133
682134
682135
682136
682137
682138
682139
682140
682141
682142
682143
682144
682145
682146
682147
682148
682149
682150
682151
682152
682153
682154
682155
682156
682157
682158
682159
682160
682161
682162
682163
682164
682165
682166
682167
682168
682169
682170
682171
682172
682173
682174
682175
682176
682177
682178
682179
682180
682181
682182
682183
682184
682185
682186
682187
682188
682189
682190
682191
682192
682193
682194
682195
682196
682197
682198
682199
682200
682201
682202
682203
682204
682205
682206
682207
682208
682209
682210
682211
682212
682213
682214
682215
682216
682217
682218
682219
682230
682231
682232
682233
682234
682235
682236
682237
682238
682239
682240
682241
682242
682243
682244
682245
682246
682247
682248
682249
682250
682251
682252
682253
682254
682255
682256
682257
682258
682259
682260
682261
682262
682263
682264
682265
682266
682267
682268
682269
682270
682271
682272
682273
682274
682275
682276
682277
682278
682279
682280
682281
682282
682283
682284
682285
682286
682287
682288
682289
682290
682291
682292
682293
682294
682295
682296
682297
682298
682299
682300
682301
682302
682303
682304
682305
682306
682307
682308
682309
682310
682311
682312
682313
682314
682315
682316
682317
682318
682319
682320
682321
682322
682323
682324
682325
682326
682327
682328
682329
682330
682331
682332
682334
682335
682336
682337
682338
682339
682340
682341
682342
682343
682344
682345
682346
682347
682348
682349
682350
682351
682352
682353
682354
682355
682356
682357
682358
682359
682360
682361
682362
682363
682364
682365
682366
682367
682368
682369
682370
682371
682372
682373
682374
682375
682376
682377
682378
682379
682380
682381
682382
682383
682384
682385
682386
682387
682388
682389
682390
682391
682392
682393
682394
682395
682396
682397
682398
682399
682400
682401
682402
682403
682404
682405
682406
682407
682408
682409
682410
682411
682412
682413
682414
682415
682416
682417
682418
682419
682420
682421
682422
682423
682424
682425
682426
682427
682428
682429
682430
682431
682432
682433
682434
682435
682436
682437
682438
682439
682440
682441
682442
682443
682445
682446
682447
682448
682449
682450
682451
682452
682453
682454
682455
682456
682457
682458
682459
682460
682461
682462
682463
682464
682465
682466
682467
682468
682469
682470
682471
682472
682473
682474
682475
682476
682477
682478
682479
682480
682481
682482
682483
682484
682485
682486
682487
682488
682489
682490
682491
682492
682493
682494
682495
682496
682497
682498
682499
682500
682501
682502
682503
682504
682505
682506
682507
682508
682509
682510
682511
682512
682513
682514
682515
682516
682517
682518
682519
682520
682521
682522
682523
682524
682525
682526
682527
682528
682529
682530
682531
682532
682533
682534
682535
682536
682537
682538
682539
682540
682541
682542
682543
682544
682545
682546
682547
682548
682549
682550
682551
682552
682553
