957246
957247
957248
957249
957250
957251
957252
957253
957254
957255
957256
957257
957258
957259
957260
957261
957262
957263
957264
957265
957266
957267
957268
957269
957270
957271
957272
957273
957274
957275
957276
957277
957278
957279
957280
957281
957282
957283
957284
957285
957286
957287
957288
957289
957290
957291
957292
957293
957294
957295
957296
957297
957298
957299
957300
957301
957302
957303
957304
957305
957306
957307
957308
957309
957310
957311
957312
957313
957314
957315
957316
957317
957318
957319
957320
957321
957322
957323
957324
957325
957326
957327
957328
957329
957330
957331
957332
957334
957335
957336
957337
957338
957339
957340
957341
957342
957343
957344
957345
957346
957347
957348
957349
957350
957351
957352
957353
957354
957355
957356
957357
957358
957359
957360
957361
957362
957363
957364
957365
957366
957367
957368
957369
957370
957371
957372
957373
957374
957375
957376
957377
957378
957379
957380
957381
957382
957383
957384
957385
957386
957387
957388
957389
957390
957391
957392
957393
957394
957395
957396
957397
957398
957399
957400
957401
957402
957403
957404
957405
957406
957407
957408
957409
957410
957411
957412
957413
957414
957415
957416
957417
957418
957419
957420
957421
957422
957423
957424
957425
957426
957427
957428
957429
957430
957431
957432
957433
957434
957435
957436
957437
957438
957439
957440
957441
957442
957443
957445
957446
957447
957448
957449
957450
957451
957452
957453
957454
957455
957456
957457
957458
957459
957460
957461
957462
957463
957464
957465
957466
957467
957468
957469
957470
957471
957472
957473
957474
957475
957476
957477
957478
957479
957480
957481
957482
957483
957484
957485
957486
957487
957488
957489
957490
957491
957492
957493
957494
957495
957496
957497
957498
957499
957500
957501
957502
957503
957504
957505
957506
957507
957508
957509
957510
957511
957512
957513
957514
957515
957516
957517
957518
957519
957520
957521
957522
957523
957524
957525
957526
957527
957528
957529
957530
957531
957532
957533
957534
957535
957536
957537
957538
957539
957540
957541
957542
957543
957544
957545
957546
957547
957548
957549
957550
957551
957552
957553
957554
957556
957557
957558
957559
957560
957561
957562
957563
957564
957565
957566
957567
957568
957569
957570
957571
957572
957573
957574
957575
957576
957577
957578
957579
957580
957581
957582
957583
957584
957585
957586
957587
957588
957589
957590
957591
957592
957593
957594
957595
957596
957597
957598
957599
957600
957601
957602
957603
957604
957605
957606
957607
957608
957609
957610
957611
957612
957613
957614
957615
957616
957617
957618
957619
957620
957621
957622
957623
957624
957625
957626
957627
957628
957629
957630
957631
957632
957633
957634
957635
957636
957637
957638
957639
957640
957641
957642
957643
957644
957645
957646
957647
957648
957649
957650
957651
957652
957653
957654
957655
957656
957657
957658
957659
957660
957661
957662
957663
957664
957665
957667
957668
957669
957670
957671
957672
957673
957674
957675
957676
957677
957678
957679
957680
957681
957682
957683
957684
957685
957686
957687
957688
957689
957690
957691
957692
957693
957694
957695
957696
957697
957698
957699
957700
957701
957702
957703
957704
957705
957706
957707
957708
957709
957710
957711
957712
957713
957714
957715
957716
957717
957718
957719
957720
957721
957722
957723
957724
957725
957726
957727
957728
957729
957730
957731
957732
957733
957734
957735
957736
957737
957738
957739
957740
957741
957742
957743
957744
957745
957746
957747
957748
957749
957750
957751
957752
957753
957754
957755
957756
957757
957758
957759
957760
957761
957762
957763
957764
957765
957766
957767
957768
957769
957780
957781
957782
957783
957784
957785
957786
957787
957788
957789
957790
957791
957792
957793
957794
957795
957796
957797
957798
957799
957800
957801
957802
957803
957804
957805
957806
957807
957808
957809
957810
957811
957812
957813
957814
957815
957816
957817
957818
957819
957820
957821
957822
957823
957824
957825
957826
957827
957828
957829
957830
957831
957832
957833
957834
957835
957836
957837
957838
957839
957840
957841
957842
957843
957844
957845
957846
957847
957848
957849
957850
957851
957852
957853
957854
957855
957856
957857
957858
957859
957860
957861
957862
957863
957864
957865
957866
957867
957868
957869
957870
957871
957872
957873
957874
957875
957876
957877
957878
957879
957880
957881
957882
957883
957884
957885
957886
957887
957889
957890
957891
957892
957893
957894
957895
957896
957897
957898
957899
957900
957901
957902
957903
957904
957905
957906
957907
957908
957909
957910
957911
957912
957913
957914
957915
957916
957917
957918
957919
957920
957921
957922
957923
957924
957925
957926
957927
957928
957929
957930
957931
957932
957933
957934
957935
957936
957937
957938
957939
957940
957941
957942
957943
957944
957945
957946
957947
957948
957949
957950
957951
957952
957953
957954
957955
957956
957957
957958
957959
957960
957961
957962
957963
957964
957965
957966
957967
957968
957969
957970
957971
957972
957973
957974
957975
957976
957977
957978
957979
957980
957981
957982
957983
957984
957985
957986
957987
957988
957989
957990
957991
957992
957993
957994
957995
957996
957997
957998
958001
958002
958003
958004
958005
958006
958007
958008
958009
958010
958011
958012
958013
958014
958015
958016
958017
958018
958019
958020
958021
958022
958023
958024
958025
958026
958027
958028
958029
958030
958031
958032
958033
958034
958035
958036
958037
958038
958039
958040
958041
958042
958043
958044
958045
958046
958047
958048
958049
958050
958051
958052
958053
958054
958055
958056
958057
958058
958059
958060
958061
958062
958063
958064
958065
958066
958067
958068
958069
958070
958071
958072
958073
958074
958075
958076
958077
958078
958079
958080
958081
958082
958083
958084
958085
958086
958087
958088
958089
958090
958091
958092
958093
958094
958095
958096
958097
958098
958099
958100
958101
958102
958103
958104
958105
958106
958107
958108
958109
958110
958112
958113
958114
958115
958116
958117
958118
958119
958120
958121
958122
958123
958124
958125
958126
958127
958128
958129
958130
958131
958132
958133
958134
958135
958136
958137
958138
958139
958140
958141
958142
958143
958144
958145
958146
958147
958148
958149
958150
958151
958152
958153
958154
958155
958156
958157
958158
958159
958160
958161
958162
958163
958164
958165
958166
958167
958168
958169
958170
958171
958172
958173
958174
958175
958176
958177
958178
958179
958180
958181
958182
958183
958184
958185
958186
958187
958188
958189
958190
958191
958192
958193
958194
958195
958196
958197
958198
958199
958200
958201
958202
958203
958204
958205
958206
958207
958208
958209
958210
958211
958212
958213
958214
958215
958216
958217
958218
958219
958220
958221
958223
958224
958225
958226
958227
958228
958229
958230
958231
958232
958233
958234
958235
958236
958237
958238
958239
958240
958241
958242
958243
958244
958245
958246
958247
958248
958249
958250
958251
958252
958253
958254
958255
958256
958257
958258
958259
958260
958261
958262
958263
958264
958265
958266
958267
958268
958269
958270
958271
958272
958273
958274
958275
958276
958277
958278
958279
958280
958281
958282
958283
958284
958285
958286
958287
958288
958289
958290
958291
958292
958293
958294
958295
958296
958297
958298
958299
958300
958301
958302
958303
958304
958305
958306
958307
958308
958309
958310
958311
958312
958313
958314
958315
958316
958317
958318
958319
958320
958321
958322
958323
958324
958325
958326
958327
958328
958329
958330
958331
958332
958334
958335
958336
958337
958338
958339
958340
958341
958342
958343
958344
958345
958346
958347
958348
958349
958350
958351
958352
958353
958354
958355
958356
958357
958358
958359
958360
958361
958362
958363
958364
958365
958366
958367
958368
958369
958370
958371
958372
958373
958374
958375
958376
958377
958378
958379
958380
958381
958382
958383
958384
958385
958386
958387
958388
958389
958390
958391
958392
958393
958394
958395
958396
958397
958398
958399
958400
958401
958402
958403
958404
958405
958406
958407
958408
