682554
682556
682557
682558
682559
682560
682561
682562
682563
682564
682565
682566
682567
682568
682569
682570
682571
682572
682573
682574
682575
682576
682577
682578
682579
682580
682581
682582
682583
682584
682585
682586
682587
682588
682589
682590
682591
682592
682593
682594
682595
682596
682597
682598
682599
682600
682601
682602
682603
682604
682605
682606
682607
682608
682609
682610
682611
682612
682613
682614
682615
682616
682617
682618
682619
682620
682621
682622
682623
682624
682625
682626
682627
682628
682629
682630
682631
682632
682633
682634
682635
682636
682637
682638
682639
682640
682641
682642
682643
682644
682645
682646
682647
682648
682649
682650
682651
682652
682653
682654
682655
682656
682657
682658
682659
682660
682661
682662
682663
682664
682665
682667
682668
682669
682670
682671
682672
682673
682674
682675
682676
682677
682678
682679
682680
682681
682682
682683
682684
682685
682686
682687
682688
682689
682690
682691
682692
682693
682694
682695
682696
682697
682698
682699
682700
682701
682702
682703
682704
682705
682706
682707
682708
682709
682710
682711
682712
682713
682714
682715
682716
682717
682718
682719
682720
682721
682722
682723
682724
682725
682726
682727
682728
682729
682730
682731
682732
682733
682734
682735
682736
682737
682738
682739
682740
682741
682742
682743
682744
682745
682746
682747
682748
682749
682750
682751
682752
682753
682754
682755
682756
682757
682758
682759
682760
682761
682762
682763
682764
682765
682766
682767
682768
682769
682770
682771
682772
682773
682774
682775
682776
682778
682779
682780
682781
682782
682783
682784
682785
682786
682787
682788
682789
682790
682791
682792
682793
682794
682795
682796
682797
682798
682799
682800
682801
682802
682803
682804
682805
682806
682807
682808
682809
682810
682811
682812
682813
682814
682815
682816
682817
682818
682819
682820
682821
682822
682823
682824
682825
682826
682827
682828
682829
682830
682831
682832
682833
682834
682835
682836
682837
682838
682839
682840
682841
682842
682843
682844
682845
682846
682847
682848
682849
682850
682851
682852
682853
682854
682855
682856
682857
682858
682859
682860
682861
682862
682863
682864
682865
682866
682867
682868
682869
682870
682871
682872
682873
682874
682875
682876
682877
682878
682879
682880
682881
682882
682883
682884
682885
682886
682887
682889
682890
682891
682892
682893
682894
682895
682896
682897
682898
682899
682900
682901
682902
682903
682904
682905
682906
682907
682908
682909
682910
682911
682912
682913
682914
682915
682916
682917
682918
682919
682920
682921
682922
682923
682924
682925
682926
682927
682928
682929
682930
682931
682932
682933
682934
682935
682936
682937
682938
682939
682940
682941
682942
682943
682944
682945
682946
682947
682948
682949
682950
682951
682952
682953
682954
682955
682956
682957
682958
682959
682960
682961
682962
682963
682964
682965
682966
682967
682968
682969
682970
682971
682972
682973
682974
682975
682976
682977
682978
682979
682980
682981
682982
682983
682984
682985
682986
682987
682988
682989
682990
682991
682992
682993
682994
682995
682996
682997
682998
683001
683002
683003
683004
683005
683006
683007
683008
683009
683010
683011
683012
683013
683014
683015
683016
683017
683018
683019
683020
683021
683022
683023
683024
683025
683026
683027
683028
683029
683030
683031
683032
683033
683034
683035
683036
683037
683038
683039
683040
683041
683042
683043
683044
683045
683046
683047
683048
683049
683050
683051
683052
683053
683054
683055
683056
683057
683058
683059
683060
683061
683062
683063
683064
683065
683066
683067
683068
683069
683070
683071
683072
683073
683074
683075
683076
683077
683078
683079
683080
683081
683082
683083
683084
683085
683086
683087
683088
683089
683090
683091
683092
683093
683094
683095
683096
683097
683098
683099
683100
683101
683102
683103
683104
683105
683106
683107
683108
683109
683110
683112
683113
683114
683115
683116
683117
683118
683119
683120
683121
683122
683123
683124
683125
683126
683127
683128
683129
683130
683131
683132
683133
683134
683135
683136
683137
683138
683139
683140
683141
683142
683143
683144
683145
683146
683147
683148
683149
683150
683151
683152
683153
683154
683155
683156
683157
683158
683159
683160
683161
683162
683163
683164
683165
683166
683167
683168
683169
683170
683171
683172
683173
683174
683175
683176
683177
683178
683179
683180
683181
683182
683183
683184
683185
683186
683187
683188
683189
683190
683191
683192
683193
683194
683195
683196
683197
683198
683199
683200
683201
683202
683203
683204
683205
683206
683207
683208
683209
683210
683211
683212
683213
683214
683215
683216
683217
683218
683219
683220
683221
683223
683224
683225
683226
683227
683228
683229
683230
683231
683232
683233
683234
683235
683236
683237
683238
683239
683240
683241
683242
683243
683244
683245
683246
683247
683248
683249
683250
683251
683252
683253
683254
683255
683256
683257
683258
683259
683260
683261
683262
683263
683264
683265
683266
683267
683268
683269
683270
683271
683272
683273
683274
683275
683276
683277
683278
683279
683280
683281
683282
683283
683284
683285
683286
683287
683288
683289
683290
683291
683292
683293
683294
683295
683296
683297
683298
683299
683300
683301
683302
683303
683304
683305
683306
683307
683308
683309
683310
683311
683312
683313
683314
683315
683316
683317
683318
683319
683320
683321
683322
683323
683324
683325
683326
683327
683328
683329
683340
683341
683342
683343
683344
683345
683346
683347
683348
683349
683350
683351
683352
683353
683354
683355
683356
683357
683358
683359
683360
683361
683362
683363
683364
683365
683366
683367
683368
683369
683370
683371
683372
683373
683374
683375
683376
683377
683378
683379
683380
683381
683382
683383
683384
683385
683386
683387
683388
683389
683390
683391
683392
683393
683394
683395
683396
683397
683398
683399
683400
683401
683402
683403
683404
683405
683406
683407
683408
683409
683410
683411
683412
683413
683414
683415
683416
683417
683418
683419
683420
683421
683422
683423
683424
683425
683426
683427
683428
683429
683430
683431
683432
683433
683434
683435
683436
683437
683438
683439
683440
683441
683442
683443
683445
683446
683447
683448
683449
683450
683451
683452
683453
683454
683455
683456
683457
683458
683459
683460
683461
683462
683463
683464
683465
683466
683467
683468
683469
683470
683471
683472
683473
683474
683475
683476
683477
683478
683479
683480
683481
683482
683483
683484
683485
683486
683487
683488
683489
683490
683491
683492
683493
683494
683495
683496
683497
683498
683499
683500
683501
683502
683503
683504
683505
683506
683507
683508
683509
683510
683511
683512
683513
683514
683515
683516
683517
683518
683519
683520
683521
683522
683523
683524
683525
683526
683527
683528
683529
683530
683531
683532
683533
683534
683535
683536
683537
683538
683539
683540
683541
683542
683543
683544
683545
683546
683547
683548
683549
683550
683551
683552
683553
683554
683556
683557
683558
683559
683560
683561
683562
683563
683564
683565
683566
683567
683568
683569
683570
683571
683572
683573
683574
683575
683576
683577
683578
683579
683580
683581
683582
683583
683584
683585
683586
683587
683588
683589
683590
683591
683592
683593
683594
683595
683596
683597
683598
683599
683600
683601
683602
683603
683604
683605
683606
683607
683608
683609
683610
683611
683612
683613
683614
683615
683616
683617
683618
683619
683620
683621
683622
683623
683624
683625
683626
683627
683628
683629
683630
683631
683632
683633
683634
683635
683636
683637
683638
683639
683640
683641
683642
683643
683644
683645
683646
683647
683648
683649
683650
683651
683652
683653
683654
683655
683656
683657
683658
683659
683660
683661
683662
683663
683664
683665
683667
683668
683669
683670
683671
683672
683673
683674
683675
683676
683677
683678
683679
683680
683681
683682
683683
683684
683685
683686
683687
683688
683689
683690
683691
683692
683693
683694
683695
683696
683697
683698
683699
683700
683701
683702
683703
683704
683705
683706
683707
683708
683709
683710
683711
683712
683713
683714
683715
683716
683717
