683718
683719
683720
683721
683722
683723
683724
683725
683726
683727
683728
683729
683730
683731
683732
683733
683734
683735
683736
683737
683738
683739
683740
683741
683742
683743
683744
683745
683746
683747
683748
683749
683750
683751
683752
683753
683754
683755
683756
683757
683758
683759
683760
683761
683762
683763
683764
683765
683766
683767
683768
683769
683770
683771
683772
683773
683774
683775
683776
683778
683779
683780
683781
683782
683783
683784
683785
683786
683787
683788
683789
683790
683791
683792
683793
683794
683795
683796
683797
683798
683799
683800
683801
683802
683803
683804
683805
683806
683807
683808
683809
683810
683811
683812
683813
683814
683815
683816
683817
683818
683819
683820
683821
683822
683823
683824
683825
683826
683827
683828
683829
683830
683831
683832
683833
683834
683835
683836
683837
683838
683839
683840
683841
683842
683843
683844
683845
683846
683847
683848
683849
683850
683851
683852
683853
683854
683855
683856
683857
683858
683859
683860
683861
683862
683863
683864
683865
683866
683867
683868
683869
683870
683871
683872
683873
683874
683875
683876
683877
683878
683879
683880
683881
683882
683883
683884
683885
683886
683887
683889
683890
683891
683892
683893
683894
683895
683896
683897
683898
683899
683900
683901
683902
683903
683904
683905
683906
683907
683908
683909
683910
683911
683912
683913
683914
683915
683916
683917
683918
683919
683920
683921
683922
683923
683924
683925
683926
683927
683928
683929
683930
683931
683932
683933
683934
683935
683936
683937
683938
683939
683940
683941
683942
683943
683944
683945
683946
683947
683948
683949
683950
683951
683952
683953
683954
683955
683956
683957
683958
683959
683960
683961
683962
683963
683964
683965
683966
683967
683968
683969
683970
683971
683972
683973
683974
683975
683976
683977
683978
683979
683980
683981
683982
683983
683984
683985
683986
683987
683988
683989
683990
683991
683992
683993
683994
683995
683996
683997
683998
684001
684002
684003
684004
684005
684006
684007
684008
684009
684010
684011
684012
684013
684014
684015
684016
684017
684018
684019
684020
684021
684022
684023
684024
684025
684026
684027
684028
684029
684030
684031
684032
684033
684034
684035
684036
684037
684038
684039
684040
684041
684042
684043
684044
684045
684046
684047
684048
684049
684050
684051
684052
684053
684054
684055
684056
684057
684058
684059
684060
684061
684062
684063
684064
684065
684066
684067
684068
684069
684070
684071
684072
684073
684074
684075
684076
684077
684078
684079
684080
684081
684082
684083
684084
684085
684086
684087
684088
684089
684090
684091
684092
684093
684094
684095
684096
684097
684098
684099
684100
684101
684102
684103
684104
684105
684106
684107
684108
684109
684110
684112
684113
684114
684115
684116
684117
684118
684119
684120
684121
684122
684123
684124
684125
684126
684127
684128
684129
684130
684131
684132
684133
684134
684135
684136
684137
684138
684139
684140
684141
684142
684143
684144
684145
684146
684147
684148
684149
684150
684151
684152
684153
684154
684155
684156
684157
684158
684159
684160
684161
684162
684163
684164
684165
684166
684167
684168
684169
684170
684171
684172
684173
684174
684175
684176
684177
684178
684179
684180
684181
684182
684183
684184
684185
684186
684187
684188
684189
684190
684191
684192
684193
684194
684195
684196
684197
684198
684199
684200
684201
684202
684203
684204
684205
684206
684207
684208
684209
684210
684211
684212
684213
684214
684215
684216
684217
684218
684219
684220
684221
684223
684224
684225
684226
684227
684228
684229
684230
684231
684232
684233
684234
684235
684236
684237
684238
684239
684240
684241
684242
684243
684244
684245
684246
684247
684248
684249
684250
684251
684252
684253
684254
684255
684256
684257
684258
684259
684260
684261
684262
684263
684264
684265
684266
684267
684268
684269
684270
684271
684272
684273
684274
684275
684276
684277
684278
684279
684280
684281
684282
684283
684284
684285
684286
684287
684288
684289
684290
684291
684292
684293
684294
684295
684296
684297
684298
684299
684300
684301
684302
684303
684304
684305
684306
684307
684308
684309
684310
684311
684312
684313
684314
684315
684316
684317
684318
684319
684320
684321
684322
684323
684324
684325
684326
684327
684328
684329
684330
684331
684332
684334
684335
684336
684337
684338
684339
684340
684341
684342
684343
684344
684345
684346
684347
684348
684349
684350
684351
684352
684353
684354
684355
684356
684357
684358
684359
684360
684361
684362
684363
684364
684365
684366
684367
684368
684369
684370
684371
684372
684373
684374
684375
684376
684377
684378
684379
684380
684381
684382
684383
684384
684385
684386
684387
684388
684389
684390
684391
684392
684393
684394
684395
684396
684397
684398
684399
684400
684401
684402
684403
684404
684405
684406
684407
684408
684409
684410
684411
684412
684413
684414
684415
684416
684417
684418
684419
684420
684421
684422
684423
684424
684425
684426
684427
684428
684429
684430
684431
684432
684433
684434
684435
684436
684437
684438
684439
684450
684451
684452
684453
684454
684455
684456
684457
684458
684459
684460
684461
684462
684463
684464
684465
684466
684467
684468
684469
684470
684471
684472
684473
684474
684475
684476
684477
684478
684479
684480
684481
684482
684483
684484
684485
684486
684487
684488
684489
684490
684491
684492
684493
684494
684495
684496
684497
684498
684499
684500
684501
684502
684503
684504
684505
684506
684507
684508
684509
684510
684511
684512
684513
684514
684515
684516
684517
684518
684519
684520
684521
684522
684523
684524
684525
684526
684527
684528
684529
684530
684531
684532
684533
684534
684535
684536
684537
684538
684539
684540
684541
684542
684543
684544
684545
684546
684547
684548
684549
684550
684551
684552
684553
684554
684556
684557
684558
684559
684560
684561
684562
684563
684564
684565
684566
684567
684568
684569
684570
684571
684572
684573
684574
684575
684576
684577
684578
684579
684580
684581
684582
684583
684584
684585
684586
684587
684588
684589
684590
684591
684592
684593
684594
684595
684596
684597
684598
684599
684600
684601
684602
684603
684604
684605
684606
684607
684608
684609
684610
684611
684612
684613
684614
684615
684616
684617
684618
684619
684620
684621
684622
684623
684624
684625
684626
684627
684628
684629
684630
684631
684632
684633
684634
684635
684636
684637
684638
684639
684640
684641
684642
684643
684644
684645
684646
684647
684648
684649
684650
684651
684652
684653
684654
684655
684656
684657
684658
684659
684660
684661
684662
684663
684664
684665
684667
684668
684669
684670
684671
684672
684673
684674
684675
684676
684677
684678
684679
684680
684681
684682
684683
684684
684685
684686
684687
684688
684689
684690
684691
684692
684693
684694
684695
684696
684697
684698
684699
684700
684701
684702
684703
684704
684705
684706
684707
684708
684709
684710
684711
684712
684713
684714
684715
684716
684717
684718
684719
684720
684721
684722
684723
684724
684725
684726
684727
684728
684729
684730
684731
684732
684733
684734
684735
684736
684737
684738
684739
684740
684741
684742
684743
684744
684745
684746
684747
684748
684749
684750
684751
684752
684753
684754
684755
684756
684757
684758
684759
684760
684761
684762
684763
684764
684765
684766
684767
684768
684769
684770
684771
684772
684773
684774
684775
684776
684778
684779
684780
684781
684782
684783
684784
684785
684786
684787
684788
684789
684790
684791
684792
684793
684794
684795
684796
684797
684798
684799
684800
684801
684802
684803
684804
684805
684806
684807
684808
684809
684810
684811
684812
684813
684814
684815
684816
684817
684818
684819
684820
684821
684822
684823
684824
684825
684826
684827
684828
684829
684830
684831
684832
684833
684834
684835
684836
684837
684838
684839
684840
684841
684842
684843
684844
684845
684846
684847
684848
684849
684850
684851
684852
684853
684854
684855
684856
684857
684858
684859
684860
684861
684862
684863
684864
684865
684866
684867
684868
684869
684870
684871
684872
684873
684874
684875
684876
684877
684878
684879
684880
