684881
684882
684883
684884
684885
684886
684887
684889
684890
684891
684892
684893
684894
684895
684896
684897
684898
684899
684900
684901
684902
684903
684904
684905
684906
684907
684908
684909
684910
684911
684912
684913
684914
684915
684916
684917
684918
684919
684920
684921
684922
684923
684924
684925
684926
684927
684928
684929
684930
684931
684932
684933
684934
684935
684936
684937
684938
684939
684940
684941
684942
684943
684944
684945
684946
684947
684948
684949
684950
684951
684952
684953
684954
684955
684956
684957
684958
684959
684960
684961
684962
684963
684964
684965
684966
684967
684968
684969
684970
684971
684972
684973
684974
684975
684976
684977
684978
684979
684980
684981
684982
684983
684984
684985
684986
684987
684988
684989
684990
684991
684992
684993
684994
684995
684996
684997
684998
685001
685002
685003
685004
685005
685006
685007
685008
685009
685010
685011
685012
685013
685014
685015
685016
685017
685018
685019
685020
685021
685022
685023
685024
685025
685026
685027
685028
685029
685030
685031
685032
685033
685034
685035
685036
685037
685038
685039
685040
685041
685042
685043
685044
685045
685046
685047
685048
685049
685050
685051
685052
685053
685054
685055
685056
685057
685058
685059
685060
685061
685062
685063
685064
685065
685066
685067
685068
685069
685070
685071
685072
685073
685074
685075
685076
685077
685078
685079
685080
685081
685082
685083
685084
685085
685086
685087
685088
685089
685090
685091
685092
685093
685094
685095
685096
685097
685098
685099
685100
685101
685102
685103
685104
685105
685106
685107
685108
685109
685110
685112
685113
685114
685115
685116
685117
685118
685119
685120
685121
685122
685123
685124
685125
685126
685127
685128
685129
685130
685131
685132
685133
685134
685135
685136
685137
685138
685139
685140
685141
685142
685143
685144
685145
685146
685147
685148
685149
685150
685151
685152
685153
685154
685155
685156
685157
685158
685159
685160
685161
685162
685163
685164
685165
685166
685167
685168
685169
685170
685171
685172
685173
685174
685175
685176
685177
685178
685179
685180
685181
685182
685183
685184
685185
685186
685187
685188
685189
685190
685191
685192
685193
685194
685195
685196
685197
685198
685199
685200
685201
685202
685203
685204
685205
685206
685207
685208
685209
685210
685211
685212
685213
685214
685215
685216
685217
685218
685219
685220
685221
685223
685224
685225
685226
685227
685228
685229
685230
685231
685232
685233
685234
685235
685236
685237
685238
685239
685240
685241
685242
685243
685244
685245
685246
685247
685248
685249
685250
685251
685252
685253
685254
685255
685256
685257
685258
685259
685260
685261
685262
685263
685264
685265
685266
685267
685268
685269
685270
685271
685272
685273
685274
685275
685276
685277
685278
685279
685280
685281
685282
685283
685284
685285
685286
685287
685288
685289
685290
685291
685292
685293
685294
685295
685296
685297
685298
685299
685300
685301
685302
685303
685304
685305
685306
685307
685308
685309
685310
685311
685312
685313
685314
685315
685316
685317
685318
685319
685320
685321
685322
685323
685324
685325
685326
685327
685328
685329
685330
685331
685332
685334
685335
685336
685337
685338
685339
685340
685341
685342
685343
685344
685345
685346
685347
685348
685349
685350
685351
685352
685353
685354
685355
685356
685357
685358
685359
685360
685361
685362
685363
685364
685365
685366
685367
685368
685369
685370
685371
685372
685373
685374
685375
685376
685377
685378
685379
685380
685381
685382
685383
685384
685385
685386
685387
685388
685389
685390
685391
685392
685393
685394
685395
685396
685397
685398
685399
685400
685401
685402
685403
685404
685405
685406
685407
685408
685409
685410
685411
685412
685413
685414
685415
685416
685417
685418
685419
685420
685421
685422
685423
685424
685425
685426
685427
685428
685429
685430
685431
685432
685433
685434
685435
685436
685437
685438
685439
685440
685441
685442
685443
685445
685446
685447
685448
685449
685450
685451
685452
685453
685454
685455
685456
685457
685458
685459
685460
685461
685462
685463
685464
685465
685466
685467
685468
685469
685470
685471
685472
685473
685474
685475
685476
685477
685478
685479
685480
685481
685482
685483
685484
685485
685486
685487
685488
685489
685490
685491
685492
685493
685494
685495
685496
685497
685498
685499
685500
685501
685502
685503
685504
685505
685506
685507
685508
685509
685510
685511
685512
685513
685514
685515
685516
685517
685518
685519
685520
685521
685522
685523
685524
685525
685526
685527
685528
685529
685530
685531
685532
685533
685534
685535
685536
685537
685538
685539
685540
685541
685542
685543
685544
685545
685546
685547
685548
685549
685560
685561
685562
685563
685564
685565
685566
685567
685568
685569
685570
685571
685572
685573
685574
685575
685576
685577
685578
685579
685580
685581
685582
685583
685584
685585
685586
685587
685588
685589
685590
685591
685592
685593
685594
685595
685596
685597
685598
685599
685600
685601
685602
685603
685604
685605
685606
685607
685608
685609
685610
685611
685612
685613
685614
685615
685616
685617
685618
685619
685620
685621
685622
685623
685624
685625
685626
685627
685628
685629
685630
685631
685632
685633
685634
685635
685636
685637
685638
685639
685640
685641
685642
685643
685644
685645
685646
685647
685648
685649
685650
685651
685652
685653
685654
685655
685656
685657
685658
685659
685660
685661
685662
685663
685664
685665
685667
685668
685669
685670
685671
685672
685673
685674
685675
685676
685677
685678
685679
685680
685681
685682
685683
685684
685685
685686
685687
685688
685689
685690
685691
685692
685693
685694
685695
685696
685697
685698
685699
685700
685701
685702
685703
685704
685705
685706
685707
685708
685709
685710
685711
685712
685713
685714
685715
685716
685717
685718
685719
685720
685721
685722
685723
685724
685725
685726
685727
685728
685729
685730
685731
685732
685733
685734
685735
685736
685737
685738
685739
685740
685741
685742
685743
685744
685745
685746
685747
685748
685749
685750
685751
685752
685753
685754
685755
685756
685757
685758
685759
685760
685761
685762
685763
685764
685765
685766
685767
685768
685769
685770
685771
685772
685773
685774
685775
685776
685778
685779
685780
685781
685782
685783
685784
685785
685786
685787
685788
685789
685790
685791
685792
685793
685794
685795
685796
685797
685798
685799
685800
685801
685802
685803
685804
685805
685806
685807
685808
685809
685810
685811
685812
685813
685814
685815
685816
685817
685818
685819
685820
685821
685822
685823
685824
685825
685826
685827
685828
685829
685830
685831
685832
685833
685834
685835
685836
685837
685838
685839
685840
685841
685842
685843
685844
685845
685846
685847
685848
685849
685850
685851
685852
685853
685854
685855
685856
685857
685858
685859
685860
685861
685862
685863
685864
685865
685866
685867
685868
685869
685870
685871
685872
685873
685874
685875
685876
685877
685878
685879
685880
685881
685882
685883
685884
685885
685886
685887
685889
685890
685891
685892
685893
685894
685895
685896
685897
685898
685899
685900
685901
685902
685903
685904
685905
685906
685907
685908
685909
685910
685911
685912
685913
685914
685915
685916
685917
685918
685919
685920
685921
685922
685923
685924
685925
685926
685927
685928
685929
685930
685931
685932
685933
685934
685935
685936
685937
685938
685939
685940
685941
685942
685943
685944
685945
685946
685947
685948
685949
685950
685951
685952
685953
685954
685955
685956
685957
685958
685959
685960
685961
685962
685963
685964
685965
685966
685967
685968
685969
685970
685971
685972
685973
685974
685975
685976
685977
685978
685979
685980
685981
685982
685983
685984
685985
685986
685987
685988
685989
685990
685991
685992
685993
685994
685995
685996
685997
685998
686001
686002
686003
686004
686005
686006
686007
686008
686009
686010
686011
686012
686013
686014
686015
686016
686017
686018
686019
686020
686021
686022
686023
686024
686025
686026
686027
686028
686029
686030
686031
686032
686033
686034
686035
686036
686037
686038
686039
686040
686041
686042
686043
686044
686045
