686046
686047
686048
686049
686050
686051
686052
686053
686054
686055
686056
686057
686058
686059
686060
686061
686062
686063
686064
686065
686066
686067
686068
686069
686070
686071
686072
686073
686074
686075
686076
686077
686078
686079
686080
686081
686082
686083
686084
686085
686086
686087
686088
686089
686090
686091
686092
686093
686094
686095
686096
686097
686098
686099
686100
686101
686102
686103
686104
686105
686106
686107
686108
686109
686110
686112
686113
686114
686115
686116
686117
686118
686119
686120
686121
686122
686123
686124
686125
686126
686127
686128
686129
686130
686131
686132
686133
686134
686135
686136
686137
686138
686139
686140
686141
686142
686143
686144
686145
686146
686147
686148
686149
686150
686151
686152
686153
686154
686155
686156
686157
686158
686159
686160
686161
686162
686163
686164
686165
686166
686167
686168
686169
686170
686171
686172
686173
686174
686175
686176
686177
686178
686179
686180
686181
686182
686183
686184
686185
686186
686187
686188
686189
686190
686191
686192
686193
686194
686195
686196
686197
686198
686199
686200
686201
686202
686203
686204
686205
686206
686207
686208
686209
686210
686211
686212
686213
686214
686215
686216
686217
686218
686219
686220
686221
686223
686224
686225
686226
686227
686228
686229
686230
686231
686232
686233
686234
686235
686236
686237
686238
686239
686240
686241
686242
686243
686244
686245
686246
686247
686248
686249
686250
686251
686252
686253
686254
686255
686256
686257
686258
686259
686260
686261
686262
686263
686264
686265
686266
686267
686268
686269
686270
686271
686272
686273
686274
686275
686276
686277
686278
686279
686280
686281
686282
686283
686284
686285
686286
686287
686288
686289
686290
686291
686292
686293
686294
686295
686296
686297
686298
686299
686300
686301
686302
686303
686304
686305
686306
686307
686308
686309
686310
686311
686312
686313
686314
686315
686316
686317
686318
686319
686320
686321
686322
686323
686324
686325
686326
686327
686328
686329
686330
686331
686332
686334
686335
686336
686337
686338
686339
686340
686341
686342
686343
686344
686345
686346
686347
686348
686349
686350
686351
686352
686353
686354
686355
686356
686357
686358
686359
686360
686361
686362
686363
686364
686365
686366
686367
686368
686369
686370
686371
686372
686373
686374
686375
686376
686377
686378
686379
686380
686381
686382
686383
686384
686385
686386
686387
686388
686389
686390
686391
686392
686393
686394
686395
686396
686397
686398
686399
686400
686401
686402
686403
686404
686405
686406
686407
686408
686409
686410
686411
686412
686413
686414
686415
686416
686417
686418
686419
686420
686421
686422
686423
686424
686425
686426
686427
686428
686429
686430
686431
686432
686433
686434
686435
686436
686437
686438
686439
686440
686441
686442
686443
686445
686446
686447
686448
686449
686450
686451
686452
686453
686454
686455
686456
686457
686458
686459
686460
686461
686462
686463
686464
686465
686466
686467
686468
686469
686470
686471
686472
686473
686474
686475
686476
686477
686478
686479
686480
686481
686482
686483
686484
686485
686486
686487
686488
686489
686490
686491
686492
686493
686494
686495
686496
686497
686498
686499
686500
686501
686502
686503
686504
686505
686506
686507
686508
686509
686510
686511
686512
686513
686514
686515
686516
686517
686518
686519
686520
686521
686522
686523
686524
686525
686526
686527
686528
686529
686530
686531
686532
686533
686534
686535
686536
686537
686538
686539
686540
686541
686542
686543
686544
686545
686546
686547
686548
686549
686550
686551
686552
686553
686554
686556
686557
686558
686559
686560
686561
686562
686563
686564
686565
686566
686567
686568
686569
686570
686571
686572
686573
686574
686575
686576
686577
686578
686579
686580
686581
686582
686583
686584
686585
686586
686587
686588
686589
686590
686591
686592
686593
686594
686595
686596
686597
686598
686599
686600
686601
686602
686603
686604
686605
686606
686607
686608
686609
686610
686611
686612
686613
686614
686615
686616
686617
686618
686619
686620
686621
686622
686623
686624
686625
686626
686627
686628
686629
686630
686631
686632
686633
686634
686635
686636
686637
686638
686639
686640
686641
686642
686643
686644
686645
686646
686647
686648
686649
686650
686651
686652
686653
686654
686655
686656
686657
686658
686659
686670
686671
686672
686673
686674
686675
686676
686677
686678
686679
686680
686681
686682
686683
686684
686685
686686
686687
686688
686689
686690
686691
686692
686693
686694
686695
686696
686697
686698
686699
686700
686701
686702
686703
686704
686705
686706
686707
686708
686709
686710
686711
686712
686713
686714
686715
686716
686717
686718
686719
686720
686721
686722
686723
686724
686725
686726
686727
686728
686729
686730
686731
686732
686733
686734
686735
686736
686737
686738
686739
686740
686741
686742
686743
686744
686745
686746
686747
686748
686749
686750
686751
686752
686753
686754
686755
686756
686757
686758
686759
686760
686761
686762
686763
686764
686765
686766
686767
686768
686769
686770
686771
686772
686773
686774
686775
686776
686778
686779
686780
686781
686782
686783
686784
686785
686786
686787
686788
686789
686790
686791
686792
686793
686794
686795
686796
686797
686798
686799
686800
686801
686802
686803
686804
686805
686806
686807
686808
686809
686810
686811
686812
686813
686814
686815
686816
686817
686818
686819
686820
686821
686822
686823
686824
686825
686826
686827
686828
686829
686830
686831
686832
686833
686834
686835
686836
686837
686838
686839
686840
686841
686842
686843
686844
686845
686846
686847
686848
686849
686850
686851
686852
686853
686854
686855
686856
686857
686858
686859
686860
686861
686862
686863
686864
686865
686866
686867
686868
686869
686870
686871
686872
686873
686874
686875
686876
686877
686878
686879
686880
686881
686882
686883
686884
686885
686886
686887
686889
686890
686891
686892
686893
686894
686895
686896
686897
686898
686899
686900
686901
686902
686903
686904
686905
686906
686907
686908
686909
686910
686911
686912
686913
686914
686915
686916
686917
686918
686919
686920
686921
686922
686923
686924
686925
686926
686927
686928
686929
686930
686931
686932
686933
686934
686935
686936
686937
686938
686939
686940
686941
686942
686943
686944
686945
686946
686947
686948
686949
686950
686951
686952
686953
686954
686955
686956
686957
686958
686959
686960
686961
686962
686963
686964
686965
686966
686967
686968
686969
686970
686971
686972
686973
686974
686975
686976
686977
686978
686979
686980
686981
686982
686983
686984
686985
686986
686987
686988
686989
686990
686991
686992
686993
686994
686995
686996
686997
686998
687001
687002
687003
687004
687005
687006
687007
687008
687009
687010
687011
687012
687013
687014
687015
687016
687017
687018
687019
687020
687021
687022
687023
687024
687025
687026
687027
687028
687029
687030
687031
687032
687033
687034
687035
687036
687037
687038
687039
687040
687041
687042
687043
687044
687045
687046
687047
687048
687049
687050
687051
687052
687053
687054
687055
687056
687057
687058
687059
687060
687061
687062
687063
687064
687065
687066
687067
687068
687069
687070
687071
687072
687073
687074
687075
687076
687077
687078
687079
687080
687081
687082
687083
687084
687085
687086
687087
687088
687089
687090
687091
687092
687093
687094
687095
687096
687097
687098
687099
687100
687101
687102
687103
687104
687105
687106
687107
687108
687109
687110
687112
687113
687114
687115
687116
687117
687118
687119
687120
687121
687122
687123
687124
687125
687126
687127
687128
687129
687130
687131
687132
687133
687134
687135
687136
687137
687138
687139
687140
687141
687142
687143
687144
687145
687146
687147
687148
687149
687150
687151
687152
687153
687154
687155
687156
687157
687158
687159
687160
687161
687162
687163
687164
687165
687166
687167
687168
687169
687170
687171
687172
687173
687174
687175
687176
687177
687178
687179
687180
687181
687182
687183
687184
687185
687186
687187
687188
687189
687190
687191
687192
687193
687194
687195
687196
687197
687198
687199
687200
687201
687202
687203
687204
687205
687206
687207
687208
