687209
687210
687211
687212
687213
687214
687215
687216
687217
687218
687219
687220
687221
687223
687224
687225
687226
687227
687228
687229
687230
687231
687232
687233
687234
687235
687236
687237
687238
687239
687240
687241
687242
687243
687244
687245
687246
687247
687248
687249
687250
687251
687252
687253
687254
687255
687256
687257
687258
687259
687260
687261
687262
687263
687264
687265
687266
687267
687268
687269
687270
687271
687272
687273
687274
687275
687276
687277
687278
687279
687280
687281
687282
687283
687284
687285
687286
687287
687288
687289
687290
687291
687292
687293
687294
687295
687296
687297
687298
687299
687300
687301
687302
687303
687304
687305
687306
687307
687308
687309
687310
687311
687312
687313
687314
687315
687316
687317
687318
687319
687320
687321
687322
687323
687324
687325
687326
687327
687328
687329
687330
687331
687332
687334
687335
687336
687337
687338
687339
687340
687341
687342
687343
687344
687345
687346
687347
687348
687349
687350
687351
687352
687353
687354
687355
687356
687357
687358
687359
687360
687361
687362
687363
687364
687365
687366
687367
687368
687369
687370
687371
687372
687373
687374
687375
687376
687377
687378
687379
687380
687381
687382
687383
687384
687385
687386
687387
687388
687389
687390
687391
687392
687393
687394
687395
687396
687397
687398
687399
687400
687401
687402
687403
687404
687405
687406
687407
687408
687409
687410
687411
687412
687413
687414
687415
687416
687417
687418
687419
687420
687421
687422
687423
687424
687425
687426
687427
687428
687429
687430
687431
687432
687433
687434
687435
687436
687437
687438
687439
687440
687441
687442
687443
687445
687446
687447
687448
687449
687450
687451
687452
687453
687454
687455
687456
687457
687458
687459
687460
687461
687462
687463
687464
687465
687466
687467
687468
687469
687470
687471
687472
687473
687474
687475
687476
687477
687478
687479
687480
687481
687482
687483
687484
687485
687486
687487
687488
687489
687490
687491
687492
687493
687494
687495
687496
687497
687498
687499
687500
687501
687502
687503
687504
687505
687506
687507
687508
687509
687510
687511
687512
687513
687514
687515
687516
687517
687518
687519
687520
687521
687522
687523
687524
687525
687526
687527
687528
687529
687530
687531
687532
687533
687534
687535
687536
687537
687538
687539
687540
687541
687542
687543
687544
687545
687546
687547
687548
687549
687550
687551
687552
687553
687554
687556
687557
687558
687559
687560
687561
687562
687563
687564
687565
687566
687567
687568
687569
687570
687571
687572
687573
687574
687575
687576
687577
687578
687579
687580
687581
687582
687583
687584
687585
687586
687587
687588
687589
687590
687591
687592
687593
687594
687595
687596
687597
687598
687599
687600
687601
687602
687603
687604
687605
687606
687607
687608
687609
687610
687611
687612
687613
687614
687615
687616
687617
687618
687619
687620
687621
687622
687623
687624
687625
687626
687627
687628
687629
687630
687631
687632
687633
687634
687635
687636
687637
687638
687639
687640
687641
687642
687643
687644
687645
687646
687647
687648
687649
687650
687651
687652
687653
687654
687655
687656
687657
687658
687659
687660
687661
687662
687663
687664
687665
687667
687668
687669
687670
687671
687672
687673
687674
687675
687676
687677
687678
687679
687680
687681
687682
687683
687684
687685
687686
687687
687688
687689
687690
687691
687692
687693
687694
687695
687696
687697
687698
687699
687700
687701
687702
687703
687704
687705
687706
687707
687708
687709
687710
687711
687712
687713
687714
687715
687716
687717
687718
687719
687720
687721
687722
687723
687724
687725
687726
687727
687728
687729
687730
687731
687732
687733
687734
687735
687736
687737
687738
687739
687740
687741
687742
687743
687744
687745
687746
687747
687748
687749
687750
687751
687752
687753
687754
687755
687756
687757
687758
687759
687760
687761
687762
687763
687764
687765
687766
687767
687768
687769
687780
687781
687782
687783
687784
687785
687786
687787
687788
687789
687790
687791
687792
687793
687794
687795
687796
687797
687798
687799
687800
687801
687802
687803
687804
687805
687806
687807
687808
687809
687810
687811
687812
687813
687814
687815
687816
687817
687818
687819
687820
687821
687822
687823
687824
687825
687826
687827
687828
687829
687830
687831
687832
687833
687834
687835
687836
687837
687838
687839
687840
687841
687842
687843
687844
687845
687846
687847
687848
687849
687850
687851
687852
687853
687854
687855
687856
687857
687858
687859
687860
687861
687862
687863
687864
687865
687866
687867
687868
687869
687870
687871
687872
687873
687874
687875
687876
687877
687878
687879
687880
687881
687882
687883
687884
687885
687886
687887
687889
687890
687891
687892
687893
687894
687895
687896
687897
687898
687899
687900
687901
687902
687903
687904
687905
687906
687907
687908
687909
687910
687911
687912
687913
687914
687915
687916
687917
687918
687919
687920
687921
687922
687923
687924
687925
687926
687927
687928
687929
687930
687931
687932
687933
687934
687935
687936
687937
687938
687939
687940
687941
687942
687943
687944
687945
687946
687947
687948
687949
687950
687951
687952
687953
687954
687955
687956
687957
687958
687959
687960
687961
687962
687963
687964
687965
687966
687967
687968
687969
687970
687971
687972
687973
687974
687975
687976
687977
687978
687979
687980
687981
687982
687983
687984
687985
687986
687987
687988
687989
687990
687991
687992
687993
687994
687995
687996
687997
687998
688001
688002
688003
688004
688005
688006
688007
688008
688009
688010
688011
688012
688013
688014
688015
688016
688017
688018
688019
688020
688021
688022
688023
688024
688025
688026
688027
688028
688029
688030
688031
688032
688033
688034
688035
688036
688037
688038
688039
688040
688041
688042
688043
688044
688045
688046
688047
688048
688049
688050
688051
688052
688053
688054
688055
688056
688057
688058
688059
688060
688061
688062
688063
688064
688065
688066
688067
688068
688069
688070
688071
688072
688073
688074
688075
688076
688077
688078
688079
688080
688081
688082
688083
688084
688085
688086
688087
688088
688089
688090
688091
688092
688093
688094
688095
688096
688097
688098
688099
688100
688101
688102
688103
688104
688105
688106
688107
688108
688109
688110
688112
688113
688114
688115
688116
688117
688118
688119
688120
688121
688122
688123
688124
688125
688126
688127
688128
688129
688130
688131
688132
688133
688134
688135
688136
688137
688138
688139
688140
688141
688142
688143
688144
688145
688146
688147
688148
688149
688150
688151
688152
688153
688154
688155
688156
688157
688158
688159
688160
688161
688162
688163
688164
688165
688166
688167
688168
688169
688170
688171
688172
688173
688174
688175
688176
688177
688178
688179
688180
688181
688182
688183
688184
688185
688186
688187
688188
688189
688190
688191
688192
688193
688194
688195
688196
688197
688198
688199
688200
688201
688202
688203
688204
688205
688206
688207
688208
688209
688210
688211
688212
688213
688214
688215
688216
688217
688218
688219
688220
688221
688223
688224
688225
688226
688227
688228
688229
688230
688231
688232
688233
688234
688235
688236
688237
688238
688239
688240
688241
688242
688243
688244
688245
688246
688247
688248
688249
688250
688251
688252
688253
688254
688255
688256
688257
688258
688259
688260
688261
688262
688263
688264
688265
688266
688267
688268
688269
688270
688271
688272
688273
688274
688275
688276
688277
688278
688279
688280
688281
688282
688283
688284
688285
688286
688287
688288
688289
688290
688291
688292
688293
688294
688295
688296
688297
688298
688299
688300
688301
688302
688303
688304
688305
688306
688307
688308
688309
688310
688311
688312
688313
688314
688315
688316
688317
688318
688319
688320
688321
688322
688323
688324
688325
688326
688327
688328
688329
688330
688331
688332
688334
688335
688336
688337
688338
688339
688340
688341
688342
688343
688344
688345
688346
688347
688348
688349
688350
688351
688352
688353
688354
688355
688356
688357
688358
688359
688360
688361
688362
688363
688364
688365
688366
688367
688368
688369
688370
688371
688372
