688373
688374
688375
688376
688377
688378
688379
688380
688381
688382
688383
688384
688385
688386
688387
688388
688389
688390
688391
688392
688393
688394
688395
688396
688397
688398
688399
688400
688401
688402
688403
688404
688405
688406
688407
688408
688409
688410
688411
688412
688413
688414
688415
688416
688417
688418
688419
688420
688421
688422
688423
688424
688425
688426
688427
688428
688429
688430
688431
688432
688433
688434
688435
688436
688437
688438
688439
688440
688441
688442
688443
688445
688446
688447
688448
688449
688450
688451
688452
688453
688454
688455
688456
688457
688458
688459
688460
688461
688462
688463
688464
688465
688466
688467
688468
688469
688470
688471
688472
688473
688474
688475
688476
688477
688478
688479
688480
688481
688482
688483
688484
688485
688486
688487
688488
688489
688490
688491
688492
688493
688494
688495
688496
688497
688498
688499
688500
688501
688502
688503
688504
688505
688506
688507
688508
688509
688510
688511
688512
688513
688514
688515
688516
688517
688518
688519
688520
688521
688522
688523
688524
688525
688526
688527
688528
688529
688530
688531
688532
688533
688534
688535
688536
688537
688538
688539
688540
688541
688542
688543
688544
688545
688546
688547
688548
688549
688550
688551
688552
688553
688554
688556
688557
688558
688559
688560
688561
688562
688563
688564
688565
688566
688567
688568
688569
688570
688571
688572
688573
688574
688575
688576
688577
688578
688579
688580
688581
688582
688583
688584
688585
688586
688587
688588
688589
688590
688591
688592
688593
688594
688595
688596
688597
688598
688599
688600
688601
688602
688603
688604
688605
688606
688607
688608
688609
688610
688611
688612
688613
688614
688615
688616
688617
688618
688619
688620
688621
688622
688623
688624
688625
688626
688627
688628
688629
688630
688631
688632
688633
688634
688635
688636
688637
688638
688639
688640
688641
688642
688643
688644
688645
688646
688647
688648
688649
688650
688651
688652
688653
688654
688655
688656
688657
688658
688659
688660
688661
688662
688663
688664
688665
688667
688668
688669
688670
688671
688672
688673
688674
688675
688676
688677
688678
688679
688680
688681
688682
688683
688684
688685
688686
688687
688688
688689
688690
688691
688692
688693
688694
688695
688696
688697
688698
688699
688700
688701
688702
688703
688704
688705
688706
688707
688708
688709
688710
688711
688712
688713
688714
688715
688716
688717
688718
688719
688720
688721
688722
688723
688724
688725
688726
688727
688728
688729
688730
688731
688732
688733
688734
688735
688736
688737
688738
688739
688740
688741
688742
688743
688744
688745
688746
688747
688748
688749
688750
688751
688752
688753
688754
688755
688756
688757
688758
688759
688760
688761
688762
688763
688764
688765
688766
688767
688768
688769
688770
688771
688772
688773
688774
688775
688776
688778
688779
688780
688781
688782
688783
688784
688785
688786
688787
688788
688789
688790
688791
688792
688793
688794
688795
688796
688797
688798
688799
688900
688901
688902
688903
688904
688905
688906
688907
688908
688909
688910
688911
688912
688913
688914
688915
688916
688917
688918
688919
688920
688921
688922
688923
688924
688925
688926
688927
688928
688929
688930
688931
688932
688933
688934
688935
688936
688937
688938
688939
688940
688941
688942
688943
688944
688945
688946
688947
688948
688949
688950
688951
688952
688953
688954
688955
688956
688957
688958
688959
688960
688961
688962
688963
688964
688965
688966
688967
688968
688969
688970
688971
688972
688973
688974
688975
688976
688977
688978
688979
688980
688981
688982
688983
688984
688985
688986
688987
688988
688989
688990
688991
688992
688993
688994
688995
688996
688997
688998
689001
689002
689003
689004
689005
689006
689007
689008
689009
689010
689011
689012
689013
689014
689015
689016
689017
689018
689019
689020
689021
689022
689023
689024
689025
689026
689027
689028
689029
689030
689031
689032
689033
689034
689035
689036
689037
689038
689039
689040
689041
689042
689043
689044
689045
689046
689047
689048
689049
689050
689051
689052
689053
689054
689055
689056
689057
689058
689059
689060
689061
689062
689063
689064
689065
689066
689067
689068
689069
689070
689071
689072
689073
689074
689075
689076
689077
689078
689079
689080
689081
689082
689083
689084
689085
689086
689087
689088
689089
689090
689091
689092
689093
689094
689095
689096
689097
689098
689099
689100
689101
689102
689103
689104
689105
689106
689107
689108
689109
689110
689112
689113
689114
689115
689116
689117
689118
689119
689120
689121
689122
689123
689124
689125
689126
689127
689128
689129
689130
689131
689132
689133
689134
689135
689136
689137
689138
689139
689140
689141
689142
689143
689144
689145
689146
689147
689148
689149
689150
689151
689152
689153
689154
689155
689156
689157
689158
689159
689160
689161
689162
689163
689164
689165
689166
689167
689168
689169
689170
689171
689172
689173
689174
689175
689176
689177
689178
689179
689180
689181
689182
689183
689184
689185
689186
689187
689188
689189
689190
689191
689192
689193
689194
689195
689196
689197
689198
689199
689200
689201
689202
689203
689204
689205
689206
689207
689208
689209
689210
689211
689212
689213
689214
689215
689216
689217
689218
689219
689220
689221
689223
689224
689225
689226
689227
689228
689229
689230
689231
689232
689233
689234
689235
689236
689237
689238
689239
689240
689241
689242
689243
689244
689245
689246
689247
689248
689249
689250
689251
689252
689253
689254
689255
689256
689257
689258
689259
689260
689261
689262
689263
689264
689265
689266
689267
689268
689269
689270
689271
689272
689273
689274
689275
689276
689277
689278
689279
689280
689281
689282
689283
689284
689285
689286
689287
689288
689289
689290
689291
689292
689293
689294
689295
689296
689297
689298
689299
689300
689301
689302
689303
689304
689305
689306
689307
689308
689309
689310
689311
689312
689313
689314
689315
689316
689317
689318
689319
689320
689321
689322
689323
689324
689325
689326
689327
689328
689329
689330
689331
689332
689334
689335
689336
689337
689338
689339
689340
689341
689342
689343
689344
689345
689346
689347
689348
689349
689350
689351
689352
689353
689354
689355
689356
689357
689358
689359
689360
689361
689362
689363
689364
689365
689366
689367
689368
689369
689370
689371
689372
689373
689374
689375
689376
689377
689378
689379
689380
689381
689382
689383
689384
689385
689386
689387
689388
689389
689390
689391
689392
689393
689394
689395
689396
689397
689398
689399
689400
689401
689402
689403
689404
689405
689406
689407
689408
689409
689410
689411
689412
689413
689414
689415
689416
689417
689418
689419
689420
689421
689422
689423
689424
689425
689426
689427
689428
689429
689430
689431
689432
689433
689434
689435
689436
689437
689438
689439
689440
689441
689442
689443
689445
689446
689447
689448
689449
689450
689451
689452
689453
689454
689455
689456
689457
689458
689459
689460
689461
689462
689463
689464
689465
689466
689467
689468
689469
689470
689471
689472
689473
689474
689475
689476
689477
689478
689479
689480
689481
689482
689483
689484
689485
689486
689487
689488
689489
689490
689491
689492
689493
689494
689495
689496
689497
689498
689499
689500
689501
689502
689503
689504
689505
689506
689507
689508
689509
689510
689511
689512
689513
689514
689515
689516
689517
689518
689519
689520
689521
689522
689523
689524
689525
689526
689527
689528
689529
689530
689531
689532
689533
689534
689535
689536
689537
689538
689539
689540
689541
689542
689543
689544
689545
689546
689547
689548
689549
689550
689551
689552
689553
689554
689556
689557
689558
689559
689560
689561
689562
689563
689564
689565
689566
689567
689568
689569
689570
689571
689572
689573
689574
689575
689576
689577
689578
689579
689580
689581
689582
689583
689584
689585
689586
689587
689588
689589
689590
689591
689592
689593
689594
689595
689596
689597
689598
689599
689600
689601
689602
689603
689604
689605
689606
689607
689608
689609
689610
689611
689612
689613
689614
689615
689616
689617
689618
689619
689620
689621
689622
689623
689624
689625
689626
