689627
689628
689629
689630
689631
689632
689633
689634
689635
689636
689637
689638
689639
689640
689641
689642
689643
689644
689645
689646
689647
689648
689649
689650
689651
689652
689653
689654
689655
689656
689657
689658
689659
689660
689661
689662
689663
689664
689665
689667
689668
689669
689670
689671
689672
689673
689674
689675
689676
689677
689678
689679
689680
689681
689682
689683
689684
689685
689686
689687
689688
689689
689690
689691
689692
689693
689694
689695
689696
689697
689698
689699
689700
689701
689702
689703
689704
689705
689706
689707
689708
689709
689710
689711
689712
689713
689714
689715
689716
689717
689718
689719
689720
689721
689722
689723
689724
689725
689726
689727
689728
689729
689730
689731
689732
689733
689734
689735
689736
689737
689738
689739
689740
689741
689742
689743
689744
689745
689746
689747
689748
689749
689750
689751
689752
689753
689754
689755
689756
689757
689758
689759
689760
689761
689762
689763
689764
689765
689766
689767
689768
689769
689770
689771
689772
689773
689774
689775
689776
689778
689779
689780
689781
689782
689783
689784
689785
689786
689787
689788
689789
689790
689791
689792
689793
689794
689795
689796
689797
689798
689799
689800
689801
689802
689803
689804
689805
689806
689807
689808
689809
689810
689811
689812
689813
689814
689815
689816
689817
689818
689819
689820
689821
689822
689823
689824
689825
689826
689827
689828
689829
689830
689831
689832
689833
689834
689835
689836
689837
689838
689839
689840
689841
689842
689843
689844
689845
689846
689847
689848
689849
689850
689851
689852
689853
689854
689855
689856
689857
689858
689859
689860
689861
689862
689863
689864
689865
689866
689867
689868
689869
689870
689871
689872
689873
689874
689875
689876
689877
689878
689879
689880
689881
689882
689883
689884
689885
689886
689887
689889
689890
689891
689892
689893
689894
689895
689896
689897
689898
689899
689900
689901
689902
689903
689904
689905
689906
689907
689908
689909
689910
689911
689912
689913
689914
689915
689916
689917
689918
689919
689920
689921
689922
689923
689924
689925
689926
689927
689928
689929
689930
689931
689932
689933
689934
689935
689936
689937
689938
689939
689940
689941
689942
689943
689944
689945
689946
689947
689948
689949
689950
689951
689952
689953
689954
689955
689956
689957
689958
689959
689960
689961
689962
689963
689964
689965
689966
689967
689968
689969
689970
689971
689972
689973
689974
689975
689976
689977
689978
689979
689980
689981
689982
689983
689984
689985
689986
689987
689988
689989
690010
690011
690012
690013
690014
690015
690016
690017
690018
690019
690020
690021
690022
690023
690024
690025
690026
690027
690028
690029
690030
690031
690032
690033
690034
690035
690036
690037
690038
690039
690040
690041
690042
690043
690044
690045
690046
690047
690048
690049
690050
690051
690052
690053
690054
690055
690056
690057
690058
690059
690060
690061
690062
690063
690064
690065
690066
690067
690068
690069
690070
690071
690072
690073
690074
690075
690076
690077
690078
690079
690080
690081
690082
690083
690084
690085
690086
690087
690088
690089
690090
690091
690092
690093
690094
690095
690096
690097
690098
690099
690100
690101
690102
690103
690104
690105
690106
690107
690108
690109
690110
690112
690113
690114
690115
690116
690117
690118
690119
690120
690121
690122
690123
690124
690125
690126
690127
690128
690129
690130
690131
690132
690133
690134
690135
690136
690137
690138
690139
690140
690141
690142
690143
690144
690145
690146
690147
690148
690149
690150
690151
690152
690153
690154
690155
690156
690157
690158
690159
690160
690161
690162
690163
690164
690165
690166
690167
690168
690169
690170
690171
690172
690173
690174
690175
690176
690177
690178
690179
690180
690181
690182
690183
690184
690185
690186
690187
690188
690189
690190
690191
690192
690193
690194
690195
690196
690197
690198
690199
690200
690201
690202
690203
690204
690205
690206
690207
690208
690209
690210
690211
690212
690213
690214
690215
690216
690217
690218
690219
690220
690221
690223
690224
690225
690226
690227
690228
690229
690230
690231
690232
690233
690234
690235
690236
690237
690238
690239
690240
690241
690242
690243
690244
690245
690246
690247
690248
690249
690250
690251
690252
690253
690254
690255
690256
690257
690258
690259
690260
690261
690262
690263
690264
690265
690266
690267
690268
690269
690270
690271
690272
690273
690274
690275
690276
690277
690278
690279
690280
690281
690282
690283
690284
690285
690286
690287
690288
690289
690290
690291
690292
690293
690294
690295
690296
690297
690298
690299
690300
690301
690302
690303
690304
690305
690306
690307
690308
690309
690310
690311
690312
690313
690314
690315
690316
690317
690318
690319
690320
690321
690322
690323
690324
690325
690326
690327
690328
690329
690330
690331
690332
690334
690335
690336
690337
690338
690339
690340
690341
690342
690343
690344
690345
690346
690347
690348
690349
690350
690351
690352
690353
690354
690355
690356
690357
690358
690359
690360
690361
690362
690363
690364
690365
690366
690367
690368
690369
690370
690371
690372
690373
690374
690375
690376
690377
690378
690379
690380
690381
690382
690383
690384
690385
690386
690387
690388
690389
690390
690391
690392
690393
690394
690395
690396
690397
690398
690399
690400
690401
690402
690403
690404
690405
690406
690407
690408
690409
690410
690411
690412
690413
690414
690415
690416
690417
690418
690419
690420
690421
690422
690423
690424
690425
690426
690427
690428
690429
690430
690431
690432
690433
690434
690435
690436
690437
690438
690439
690440
690441
690442
690443
690445
690446
690447
690448
690449
690450
690451
690452
690453
690454
690455
690456
690457
690458
690459
690460
690461
690462
690463
690464
690465
690466
690467
690468
690469
690470
690471
690472
690473
690474
690475
690476
690477
690478
690479
690480
690481
690482
690483
690484
690485
690486
690487
690488
690489
690490
690491
690492
690493
690494
690495
690496
690497
690498
690499
690500
690501
690502
690503
690504
690505
690506
690507
690508
690509
690510
690511
690512
690513
690514
690515
690516
690517
690518
690519
690520
690521
690522
690523
690524
690525
690526
690527
690528
690529
690530
690531
690532
690533
690534
690535
690536
690537
690538
690539
690540
690541
690542
690543
690544
690545
690546
690547
690548
690549
690550
690551
690552
690553
690554
690556
690557
690558
690559
690560
690561
690562
690563
690564
690565
690566
690567
690568
690569
690570
690571
690572
690573
690574
690575
690576
690577
690578
690579
690580
690581
690582
690583
690584
690585
690586
690587
690588
690589
690590
690591
690592
690593
690594
690595
690596
690597
690598
690599
690600
690601
690602
690603
690604
690605
690606
690607
690608
690609
690610
690611
690612
690613
690614
690615
690616
690617
690618
690619
690620
690621
690622
690623
690624
690625
690626
690627
690628
690629
690630
690631
690632
690633
690634
690635
690636
690637
690638
690639
690640
690641
690642
690643
690644
690645
690646
690647
690648
690649
690650
690651
690652
690653
690654
690655
690656
690657
690658
690659
690660
690661
690662
690663
690664
690665
690667
690668
690669
690670
690671
690672
690673
690674
690675
690676
690677
690678
690679
690680
690681
690682
690683
690684
690685
690686
690687
690688
690689
690690
690691
690692
690693
690694
690695
690696
690697
690698
690699
690700
690701
690702
690703
690704
690705
690706
690707
690708
690709
690710
690711
690712
690713
690714
690715
690716
690717
690718
690719
690720
690721
690722
690723
690724
690725
690726
690727
690728
690729
690730
690731
690732
690733
690734
690735
690736
690737
690738
690739
690740
690741
690742
690743
690744
690745
690746
690747
690748
690749
690750
690751
690752
690753
690754
690755
690756
690757
690758
690759
690760
690761
690762
690763
690764
690765
690766
690767
690768
690769
690770
690771
690772
690773
690774
690775
690776
690778
690779
690780
690781
690782
690783
690784
690785
690786
690787
690788
690789
690790
690791
690792
690793
690794
690795
690796
690797
690798
690799
