690800
690801
690802
690803
690804
690805
690806
690807
690808
690809
690810
690811
690812
690813
690814
690815
690816
690817
690818
690819
690820
690821
690822
690823
690824
690825
690826
690827
690828
690829
690830
690831
690832
690833
690834
690835
690836
690837
690838
690839
690840
690841
690842
690843
690844
690845
690846
690847
690848
690849
690850
690851
690852
690853
690854
690855
690856
690857
690858
690859
690860
690861
690862
690863
690864
690865
690866
690867
690868
690869
690870
690871
690872
690873
690874
690875
690876
690877
690878
690879
690880
690881
690882
690883
690884
690885
690886
690887
690889
690890
690891
690892
690893
690894
690895
690896
690897
690898
690899
690900
690901
690902
690903
690904
690905
690906
690907
690908
690909
690910
690911
690912
690913
690914
690915
690916
690917
690918
690919
690920
690921
690922
690923
690924
690925
690926
690927
690928
690929
690930
690931
690932
690933
690934
690935
690936
690937
690938
690939
690940
690941
690942
690943
690944
690945
690946
690947
690948
690949
690950
690951
690952
690953
690954
690955
690956
690957
690958
690959
690960
690961
690962
690963
690964
690965
690966
690967
690968
690969
690970
690971
690972
690973
690974
690975
690976
690977
690978
690979
690980
690981
690982
690983
690984
690985
690986
690987
690988
690989
690990
690991
690992
690993
690994
690995
690996
690997
690998
691001
691002
691003
691004
691005
691006
691007
691008
691009
691010
691011
691012
691013
691014
691015
691016
691017
691018
691019
691020
691021
691022
691023
691024
691025
691026
691027
691028
691029
691030
691031
691032
691033
691034
691035
691036
691037
691038
691039
691040
691041
691042
691043
691044
691045
691046
691047
691048
691049
691050
691051
691052
691053
691054
691055
691056
691057
691058
691059
691060
691061
691062
691063
691064
691065
691066
691067
691068
691069
691070
691071
691072
691073
691074
691075
691076
691077
691078
691079
691080
691081
691082
691083
691084
691085
691086
691087
691088
691089
691090
691091
691092
691093
691094
691095
691096
691097
691098
691099
691100
691101
691102
691103
691104
691105
691106
691107
691108
691109
691120
691121
691122
691123
691124
691125
691126
691127
691128
691129
691130
691131
691132
691133
691134
691135
691136
691137
691138
691139
691140
691141
691142
691143
691144
691145
691146
691147
691148
691149
691150
691151
691152
691153
691154
691155
691156
691157
691158
691159
691160
691161
691162
691163
691164
691165
691166
691167
691168
691169
691170
691171
691172
691173
691174
691175
691176
691177
691178
691179
691180
691181
691182
691183
691184
691185
691186
691187
691188
691189
691190
691191
691192
691193
691194
691195
691196
691197
691198
691199
691200
691201
691202
691203
691204
691205
691206
691207
691208
691209
691210
691211
691212
691213
691214
691215
691216
691217
691218
691219
691220
691221
691223
691224
691225
691226
691227
691228
691229
691230
691231
691232
691233
691234
691235
691236
691237
691238
691239
691240
691241
691242
691243
691244
691245
691246
691247
691248
691249
691250
691251
691252
691253
691254
691255
691256
691257
691258
691259
691260
691261
691262
691263
691264
691265
691266
691267
691268
691269
691270
691271
691272
691273
691274
691275
691276
691277
691278
691279
691280
691281
691282
691283
691284
691285
691286
691287
691288
691289
691290
691291
691292
691293
691294
691295
691296
691297
691298
691299
691300
691301
691302
691303
691304
691305
691306
691307
691308
691309
691310
691311
691312
691313
691314
691315
691316
691317
691318
691319
691320
691321
691322
691323
691324
691325
691326
691327
691328
691329
691330
691331
691332
691334
691335
691336
691337
691338
691339
691340
691341
691342
691343
691344
691345
691346
691347
691348
691349
691350
691351
691352
691353
691354
691355
691356
691357
691358
691359
691360
691361
691362
691363
691364
691365
691366
691367
691368
691369
691370
691371
691372
691373
691374
691375
691376
691377
691378
691379
691380
691381
691382
691383
691384
691385
691386
691387
691388
691389
691390
691391
691392
691393
691394
691395
691396
691397
691398
691399
691400
691401
691402
691403
691404
691405
691406
691407
691408
691409
691410
691411
691412
691413
691414
691415
691416
691417
691418
691419
691420
691421
691422
691423
691424
691425
691426
691427
691428
691429
691430
691431
691432
691433
691434
691435
691436
691437
691438
691439
691440
691441
691442
691443
691445
691446
691447
691448
691449
691450
691451
691452
691453
691454
691455
691456
691457
691458
691459
691460
691461
691462
691463
691464
691465
691466
691467
691468
691469
691470
691471
691472
691473
691474
691475
691476
691477
691478
691479
691480
691481
691482
691483
691484
691485
691486
691487
691488
691489
691490
691491
691492
691493
691494
691495
691496
691497
691498
691499
691500
691501
691502
691503
691504
691505
691506
691507
691508
691509
691510
691511
691512
691513
691514
691515
691516
691517
691518
691519
691520
691521
691522
691523
691524
691525
691526
691527
691528
691529
691530
691531
691532
691533
691534
691535
691536
691537
691538
691539
691540
691541
691542
691543
691544
691545
691546
691547
691548
691549
691550
691551
691552
691553
691554
691556
691557
691558
691559
691560
691561
691562
691563
691564
691565
691566
691567
691568
691569
691570
691571
691572
691573
691574
691575
691576
691577
691578
691579
691580
691581
691582
691583
691584
691585
691586
691587
691588
691589
691590
691591
691592
691593
691594
691595
691596
691597
691598
691599
691600
691601
691602
691603
691604
691605
691606
691607
691608
691609
691610
691611
691612
691613
691614
691615
691616
691617
691618
691619
691620
691621
691622
691623
691624
691625
691626
691627
691628
691629
691630
691631
691632
691633
691634
691635
691636
691637
691638
691639
691640
691641
691642
691643
691644
691645
691646
691647
691648
691649
691650
691651
691652
691653
691654
691655
691656
691657
691658
691659
691660
691661
691662
691663
691664
691665
691667
691668
691669
691670
691671
691672
691673
691674
691675
691676
691677
691678
691679
691680
691681
691682
691683
691684
691685
691686
691687
691688
691689
691690
691691
691692
691693
691694
691695
691696
691697
691698
691699
691700
691701
691702
691703
691704
691705
691706
691707
691708
691709
691710
691711
691712
691713
691714
691715
691716
691717
691718
691719
691720
691721
691722
691723
691724
691725
691726
691727
691728
691729
691730
691731
691732
691733
691734
691735
691736
691737
691738
691739
691740
691741
691742
691743
691744
691745
691746
691747
691748
691749
691750
691751
691752
691753
691754
691755
691756
691757
691758
691759
691760
691761
691762
691763
691764
691765
691766
691767
691768
691769
691770
691771
691772
691773
691774
691775
691776
691778
691779
691780
691781
691782
691783
691784
691785
691786
691787
691788
691789
691790
691791
691792
691793
691794
691795
691796
691797
691798
691799
691800
691801
691802
691803
691804
691805
691806
691807
691808
691809
691810
691811
691812
691813
691814
691815
691816
691817
691818
691819
691820
691821
691822
691823
691824
691825
691826
691827
691828
691829
691830
691831
691832
691833
691834
691835
691836
691837
691838
691839
691840
691841
691842
691843
691844
691845
691846
691847
691848
691849
691850
691851
691852
691853
691854
691855
691856
691857
691858
691859
691860
691861
691862
691863
691864
691865
691866
691867
691868
691869
691870
691871
691872
691873
691874
691875
691876
691877
691878
691879
691880
691881
691882
691883
691884
691885
691886
691887
691889
691890
691891
691892
691893
691894
691895
691896
691897
691898
691899
691900
691901
691902
691903
691904
691905
691906
691907
691908
691909
691910
691911
691912
691913
691914
691915
691916
691917
691918
691919
691920
691921
691922
691923
691924
691925
691926
691927
691928
691929
691930
691931
691932
691933
691934
691935
691936
691937
691938
691939
691940
691941
691942
691943
691944
691945
691946
691947
691948
691949
691950
691951
691952
691953
691954
691955
691956
691957
691958
691959
691960
691961
691962
