691963
691964
691965
691966
691967
691968
691969
691970
691971
691972
691973
691974
691975
691976
691977
691978
691979
691980
691981
691982
691983
691984
691985
691986
691987
691988
691989
691990
691991
691992
691993
691994
691995
691996
691997
691998
692001
692002
692003
692004
692005
692006
692007
692008
692009
692010
692011
692012
692013
692014
692015
692016
692017
692018
692019
692020
692021
692022
692023
692024
692025
692026
692027
692028
692029
692030
692031
692032
692033
692034
692035
692036
692037
692038
692039
692040
692041
692042
692043
692044
692045
692046
692047
692048
692049
692050
692051
692052
692053
692054
692055
692056
692057
692058
692059
692060
692061
692062
692063
692064
692065
692066
692067
692068
692069
692070
692071
692072
692073
692074
692075
692076
692077
692078
692079
692080
692081
692082
692083
692084
692085
692086
692087
692088
692089
692090
692091
692092
692093
692094
692095
692096
692097
692098
692099
692100
692101
692102
692103
692104
692105
692106
692107
692108
692109
692110
692112
692113
692114
692115
692116
692117
692118
692119
692120
692121
692122
692123
692124
692125
692126
692127
692128
692129
692130
692131
692132
692133
692134
692135
692136
692137
692138
692139
692140
692141
692142
692143
692144
692145
692146
692147
692148
692149
692150
692151
692152
692153
692154
692155
692156
692157
692158
692159
692160
692161
692162
692163
692164
692165
692166
692167
692168
692169
692170
692171
692172
692173
692174
692175
692176
692177
692178
692179
692180
692181
692182
692183
692184
692185
692186
692187
692188
692189
692190
692191
692192
692193
692194
692195
692196
692197
692198
692199
692200
692201
692202
692203
692204
692205
692206
692207
692208
692209
692210
692211
692212
692213
692214
692215
692216
692217
692218
692219
692230
692231
692232
692233
692234
692235
692236
692237
692238
692239
692240
692241
692242
692243
692244
692245
692246
692247
692248
692249
692250
692251
692252
692253
692254
692255
692256
692257
692258
692259
692260
692261
692262
692263
692264
692265
692266
692267
692268
692269
692270
692271
692272
692273
692274
692275
692276
692277
692278
692279
692280
692281
692282
692283
692284
692285
692286
692287
692288
692289
692290
692291
692292
692293
692294
692295
692296
692297
692298
692299
692300
692301
692302
692303
692304
692305
692306
692307
692308
692309
692310
692311
692312
692313
692314
692315
692316
692317
692318
692319
692320
692321
692322
692323
692324
692325
692326
692327
692328
692329
692330
692331
692332
692334
692335
692336
692337
692338
692339
692340
692341
692342
692343
692344
692345
692346
692347
692348
692349
692350
692351
692352
692353
692354
692355
692356
692357
692358
692359
692360
692361
692362
692363
692364
692365
692366
692367
692368
692369
692370
692371
692372
692373
692374
692375
692376
692377
692378
692379
692380
692381
692382
692383
692384
692385
692386
692387
692388
692389
692390
692391
692392
692393
692394
692395
692396
692397
692398
692399
692400
692401
692402
692403
692404
692405
692406
692407
692408
692409
692410
692411
692412
692413
692414
692415
692416
692417
692418
692419
692420
692421
692422
692423
692424
692425
692426
692427
692428
692429
692430
692431
692432
692433
692434
692435
692436
692437
692438
692439
692440
692441
692442
692443
692445
692446
692447
692448
692449
692450
692451
692452
692453
692454
692455
692456
692457
692458
692459
692460
692461
692462
692463
692464
692465
692466
692467
692468
692469
692470
692471
692472
692473
692474
692475
692476
692477
692478
692479
692480
692481
692482
692483
692484
692485
692486
692487
692488
692489
692490
692491
692492
692493
692494
692495
692496
692497
692498
692499
692500
692501
692502
692503
692504
692505
692506
692507
692508
692509
692510
692511
692512
692513
692514
692515
692516
692517
692518
692519
692520
692521
692522
692523
692524
692525
692526
692527
692528
692529
692530
692531
692532
692533
692534
692535
692536
692537
692538
692539
692540
692541
692542
692543
692544
692545
692546
692547
692548
692549
692550
692551
692552
692553
692554
692556
692557
692558
692559
692560
692561
692562
692563
692564
692565
692566
692567
692568
692569
692570
692571
692572
692573
692574
692575
692576
692577
692578
692579
692580
692581
692582
692583
692584
692585
692586
692587
692588
692589
692590
692591
692592
692593
692594
692595
692596
692597
692598
692599
692600
692601
692602
692603
692604
692605
692606
692607
692608
692609
692610
692611
692612
692613
692614
692615
692616
692617
692618
692619
692620
692621
692622
692623
692624
692625
692626
692627
692628
692629
692630
692631
692632
692633
692634
692635
692636
692637
692638
692639
692640
692641
692642
692643
692644
692645
692646
692647
692648
692649
692650
692651
692652
692653
692654
692655
692656
692657
692658
692659
692660
692661
692662
692663
692664
692665
692667
692668
692669
692670
692671
692672
692673
692674
692675
692676
692677
692678
692679
692680
692681
692682
692683
692684
692685
692686
692687
692688
692689
692690
692691
692692
692693
692694
692695
692696
692697
692698
692699
692700
692701
692702
692703
692704
692705
692706
692707
692708
692709
692710
692711
692712
692713
692714
692715
692716
692717
692718
692719
692720
692721
692722
692723
692724
692725
692726
692727
692728
692729
692730
692731
692732
692733
692734
692735
692736
692737
692738
692739
692740
692741
692742
692743
692744
692745
692746
692747
692748
692749
692750
692751
692752
692753
692754
692755
692756
692757
692758
692759
692760
692761
692762
692763
692764
692765
692766
692767
692768
692769
692770
692771
692772
692773
692774
692775
692776
692778
692779
692780
692781
692782
692783
692784
692785
692786
692787
692788
692789
692790
692791
692792
692793
692794
692795
692796
692797
692798
692799
692800
692801
692802
692803
692804
692805
692806
692807
692808
692809
692810
692811
692812
692813
692814
692815
692816
692817
692818
692819
692820
692821
692822
692823
692824
692825
692826
692827
692828
692829
692830
692831
692832
692833
692834
692835
692836
692837
692838
692839
692840
692841
692842
692843
692844
692845
692846
692847
692848
692849
692850
692851
692852
692853
692854
692855
692856
692857
692858
692859
692860
692861
692862
692863
692864
692865
692866
692867
692868
692869
692870
692871
692872
692873
692874
692875
692876
692877
692878
692879
692880
692881
692882
692883
692884
692885
692886
692887
692889
692890
692891
692892
692893
692894
692895
692896
692897
692898
692899
692900
692901
692902
692903
692904
692905
692906
692907
692908
692909
692910
692911
692912
692913
692914
692915
692916
692917
692918
692919
692920
692921
692922
692923
692924
692925
692926
692927
692928
692929
692930
692931
692932
692933
692934
692935
692936
692937
692938
692939
692940
692941
692942
692943
692944
692945
692946
692947
692948
692949
692950
692951
692952
692953
692954
692955
692956
692957
692958
692959
692960
692961
692962
692963
692964
692965
692966
692967
692968
692969
692970
692971
692972
692973
692974
692975
692976
692977
692978
692979
692980
692981
692982
692983
692984
692985
692986
692987
692988
692989
692990
692991
692992
692993
692994
692995
692996
692997
692998
693001
693002
693003
693004
693005
693006
693007
693008
693009
693010
693011
693012
693013
693014
693015
693016
693017
693018
693019
693020
693021
693022
693023
693024
693025
693026
693027
693028
693029
693030
693031
693032
693033
693034
693035
693036
693037
693038
693039
693040
693041
693042
693043
693044
693045
693046
693047
693048
693049
693050
693051
693052
693053
693054
693055
693056
693057
693058
693059
693060
693061
693062
693063
693064
693065
693066
693067
693068
693069
693070
693071
693072
693073
693074
693075
693076
693077
693078
693079
693080
693081
693082
693083
693084
693085
693086
693087
693088
693089
693090
693091
693092
693093
693094
693095
693096
693097
693098
693099
693100
693101
693102
693103
693104
693105
693106
693107
693108
693109
693110
693112
693113
693114
693115
693116
693117
693118
693119
693120
693121
693122
693123
693124
693125
693126
693127
